household_key,total_baskets,unique_products,total_items,total_spend,avg_transaction_value,day_span,active_weeks,total_retail_discount,total_coupon_discount,total_coupon_match_discount,unique_stores_visited,top_department,top_dept_spend,campaigns_participated,coupons_redeemed,basket_frequency,AGE_DESC,MARITAL_STATUS_CODE,INCOME_DESC,HOMEOWNER_DESC,HH_COMP_DESC,HOUSEHOLD_SIZE_DESC,KID_CATEGORY_DESC,cluster,hierarchical_cluster
1,86,677,1997,4330.16,2.507330631152287,655,68,-697.04,-80.56,-26.15,2,GROCERY,2755.0,8,5,0.1312977099236641,65+,A,35-49K,Homeowner,2 Adults No Kids,2,None/Unknown,1,2
2,45,546,834,1954.34,2.737170868347339,565,35,-334.99,-9.0,0.0,5,GROCERY,1112.49,1,0,0.079646017699115,,,,,,,,0,1
3,47,516,8540,2653.21,2.877668112798265,590,37,-675.16,-61.19,-19.8,3,GROCERY,1784.75,3,0,0.0796610169491525,,,,,,,,0,1
4,30,164,382,1200.11,3.987076411960133,523,26,-115.65,-2.5,0.0,6,GROCERY,698.73,1,0,0.0573613766730401,,,,,,,,0,1
5,40,199,245,779.0600000000001,3.5092792792792795,618,27,-118.33,0.0,0.0,3,GROCERY,359.13,0,0,0.0647249190938511,,,,,,,,0,1
6,250,811,94690,5996.16,3.3479396984924623,589,84,-828.34,-3.55,-0.45,12,GROCERY,1960.53,4,0,0.4244482173174873,,,,,,,,1,2
7,59,829,1554,3400.05,2.643895800933126,686,50,-482.51,-30.4,-5.15,2,GROCERY,1901.3,4,0,0.08600583090379,45-54,A,50-74K,Homeowner,2 Adults No Kids,2,None/Unknown,0,2
8,113,1288,68333,5534.97,2.796851945426984,641,72,-1078.3,-28.35,-1.85,3,GROCERY,3107.22,10,1,0.1762870514820592,25-34,U,25-34K,Unknown,2 Adults Kids,3,1,1,2
9,20,185,353,797.42,3.624636363636363,585,19,-181.1,-1.1,-0.9,3,GROCERY,613.92,0,0,0.0341880341880341,,,,,,,,0,1
10,9,65,108,234.34,3.347714285714286,571,5,-24.84,0.0,0.0,4,GROCERY,98.05,0,0,0.0157618213660245,,,,,,,,0,1
11,5,17,20,33.39,1.855,302,5,-10.98,0.0,0.0,1,GROCERY,9.82,0,0,0.0165562913907284,,,,,,,,0,1
12,7,75,103,266.21,3.025113636363636,432,7,-32.7,0.0,0.0,2,GROCERY,143.67,0,0,0.0162037037037037,,,,,,,,0,1
13,275,1008,1863829,13190.92,5.61793867120954,608,87,-1627.19,-308.37,-77.75,1,GROCERY,4925.62,10,21,0.4523026315789473,25-34,U,75-99K,Homeowner,2 Adults Kids,4,2,1,2
14,140,574,118320,2761.19,2.978629989212513,700,66,-589.98,-19.08,-2.25,15,GROCERY,1333.39,5,3,0.2,,,,,,,,0,2
15,55,235,465,972.53,3.147346278317152,683,30,-158.59,-2.5,0.0,5,GROCERY,450.87,0,0,0.0805270863836017,,,,,,,,0,1
16,98,282,81200,1512.02,2.924603481624758,592,58,-171.29,-1.0,0.0,2,GROCERY,823.76,2,0,0.1655405405405405,45-54,B,50-74K,Homeowner,Single Female,1,None/Unknown,0,1
17,124,444,295951,5139.63,4.980261627906977,665,65,-1109.56,-76.5,0.0,4,GROCERY,1976.66,5,0,0.1864661654135338,65+,B,Under 15K,Homeowner,2 Adults No Kids,2,None/Unknown,1,2
18,163,691,260924,7118.91,3.76462718138551,617,81,-948.66,-62.63,-20.05,7,GROCERY,4289.77,4,8,0.2641815235008103,45-54,A,100-124K,Homeowner,2 Adults No Kids,2,None/Unknown,1,2
19,421,1786,529311,11299.61,2.432115798536376,638,92,-3044.85,-19.59,-5.3,9,GROCERY,5945.71,9,1,0.6598746081504702,35-44,B,15-24K,Unknown,Single Female,1,None/Unknown,1,2
20,387,477,477186,7486.11,3.664273127753304,630,77,-813.92,-20.0,-8.4,10,GROCERY,3709.18,7,0,0.6142857142857143,25-34,A,75-99K,Renter,2 Adults No Kids,2,None/Unknown,1,2
21,27,228,38801,870.11,3.129892086330935,610,19,-165.66,-1.0,0.0,7,GROCERY,405.13,0,0,0.0442622950819672,,,,,,,,0,1
22,136,722,434948,6256.04,3.8239853300733495,686,86,-804.68,-67.19,-8.65,5,GROCERY,2833.11,8,20,0.1982507288629737,45-54,A,75-99K,Homeowner,2 Adults No Kids,2,None/Unknown,1,2
23,110,450,167359,3158.58,4.200239361702128,602,63,-275.98,-3.0,0.0,4,GROCERY,1956.79,3,0,0.1827242524916943,,,,,,,,0,2
24,74,370,960,1911.11,3.072524115755627,650,36,-442.64,0.0,0.0,2,GROCERY,1148.35,0,0,0.1138461538461538,,,,,,,,0,1
25,94,452,37391,3149.65,3.090922473012758,694,64,-527.4399999999999,-39.88,0.0,5,GROCERY,1497.94,4,0,0.1354466858789625,35-44,U,50-74K,Unknown,Unknown,1,None/Unknown,0,2
26,113,481,1057,1937.39,2.3455084745762718,655,50,-321.64,0.0,0.0,2,GROCERY,1148.66,1,0,0.1725190839694656,,,,,,,,0,1
27,405,546,3119,5736.24,2.303710843373494,676,90,-478.11,-18.3,-1.44,15,GROCERY,3367.31,7,0,0.599112426035503,45-54,U,25-34K,Probable Renter,Single Female,1,None/Unknown,1,2
28,125,370,32861,2119.62,3.327503924646781,587,67,-308.19,-3.0,0.0,8,GROCERY,1142.0,4,0,0.2129471890971039,,,,,,,,0,1
29,69,341,669,1343.03,2.8274315789473685,675,44,-298.2,-3.39,-0.4,4,GROCERY,934.37,5,1,0.1022222222222222,,,,,,,,0,1
30,28,133,64818,622.8,4.265753424657534,634,21,-100.89,-3.0,0.0,4,GROCERY,231.69,0,0,0.0441640378548895,,,,,,,,0,1
31,69,686,368604,4396.9,4.063678373382625,611,43,-946.68,-254.87,-84.33,11,GROCERY,2129.31,2,2,0.1129296235679214,35-44,B,35-49K,Homeowner,2 Adults No Kids,2,None/Unknown,1,2
32,116,714,264307,3381.82,3.44030518819939,662,65,-389.98,-4.15,-0.8500000000000001,17,GROCERY,1586.8,6,0,0.175226586102719,,,,,,,,0,2
33,52,257,28889,1200.74,3.705987654320988,601,34,-274.93,0.0,0.0,5,GROCERY,525.95,0,0,0.086522462562396,,,,,,,,0,1
34,36,120,10276,407.38,2.9954411764705884,705,27,-69.84,-1.0,0.0,4,GROCERY,160.71,0,0,0.051063829787234,,,,,,,,0,1
35,60,240,43905,1119.51,3.623009708737864,686,34,-153.36,-1.0,0.0,5,GROCERY,615.03,0,0,0.0874635568513119,,,,,,,,0,1
36,221,681,10709,4898.25,3.6043046357615895,620,77,-866.01,-1.75,-1.25,7,GROCERY,3073.62,3,0,0.3564516129032258,,,,,,,,1,2
37,63,206,73708,2976.66,8.110790190735694,623,46,-544.94,-2.5,0.0,12,GROCERY,2147.05,2,0,0.1011235955056179,,,,,,,,0,1
38,27,133,275,706.13,4.869862068965517,449,22,-59.16,-2.5,0.0,4,GROCERY,417.44,1,0,0.0601336302895322,,,,,,,,0,1
39,64,1244,13778,5033.66,2.7077245831091985,659,50,-812.21,-15.79,-5.55,3,GROCERY,3291.68,5,0,0.0971168437025796,35-44,A,125-149K,Homeowner,2 Adults No Kids,2,None/Unknown,0,2
40,400,1525,1240414,12907.89,3.4338627294493214,635,90,-1293.56,-26.15,-1.15,7,GROCERY,3653.03,11,13,0.6299212598425197,45-54,U,Under 15K,Homeowner,2 Adults No Kids,2,None/Unknown,1,2
41,73,355,1467,3107.13,2.961992373689228,636,58,-613.95,0.0,0.0,2,GROCERY,1738.44,1,0,0.1147798742138364,,,,,,,,0,1
42,89,305,1381,1985.86,2.0837985309548794,610,77,-545.77,-15.75,-5.8,1,GROCERY,883.29,3,0,0.1459016393442622,65+,U,50-74K,Unknown,Single Male,1,None/Unknown,0,1
43,106,245,43026,884.84,2.2923316062176164,595,57,-88.39,-6.1,-1.1,2,DRUG GM,432.83,5,0,0.1781512605042017,35-44,B,15-24K,Homeowner,2 Adults Kids,5+,3+,0,1
44,32,278,395,877.76,2.6679635258358663,547,26,-133.74,0.0,0.0,8,GROCERY,549.63,0,0,0.0585009140767824,,,,,,,,0,1
45,57,158,302,807.09,3.405443037974684,487,37,-64.5,-2.0,0.0,2,GROCERY,349.21,1,0,0.1170431211498973,,,,,,,,0,1
46,137,1308,94957,8433.43,4.052585295530995,697,70,-1523.45,-19.97,0.0,8,GROCERY,4183.7300000000005,9,2,0.1965566714490674,45-54,A,150-174K,Homeowner,2 Adults Kids,5+,3+,1,2
47,111,450,760,2329.13,3.714720893141946,599,61,-293.55,0.0,0.0,11,GROCERY,1238.75,3,0,0.1853088480801335,,,,,,,,0,2
48,50,253,41593,1172.83,3.285238095238095,597,33,-211.2,-5.5,0.0,1,GROCERY,539.48,2,0,0.083752093802345,19-24,U,35-49K,Homeowner,2 Adults No Kids,2,None/Unknown,0,1
49,121,1044,439122,6445.03,3.7427584204413473,641,65,-1453.55,-13.34,-0.75,5,GROCERY,3362.09,6,0,0.188767550702028,35-44,A,35-49K,Homeowner,2 Adults No Kids,2,None/Unknown,1,2
50,15,116,146,351.39,2.788809523809524,562,13,-38.3,0.0,0.0,3,GROCERY,264.93,0,0,0.0266903914590747,,,,,,,,0,1
51,83,450,1264,3046.86,3.30104008667389,696,58,-351.69,-0.55,-0.45,2,GROCERY,1715.36,4,0,0.1192528735632183,,,,,,,,0,1
52,139,1015,201452,5487.28,3.2976442307692304,698,78,-565.3,-1.0,0.0,8,GROCERY,3001.63,6,0,0.1991404011461318,45-54,B,50-74K,Homeowner,2 Adults No Kids,2,None/Unknown,1,2
53,56,332,83737,1962.26,3.4007972270363958,633,44,-379.34,-1.5,-1.5,2,GROCERY,985.38,0,0,0.0884676145339652,,,,,,,,0,1
54,11,33,42,103.09,3.032058823529412,461,11,-18.53,0.0,0.0,5,GROCERY,78.83,0,0,0.0238611713665943,,,,,,,,0,1
55,141,240,425,1072.79,2.7864675324675323,636,74,-194.34,0.0,0.0,3,GROCERY,554.67,4,0,0.2216981132075471,65+,A,35-49K,Homeowner,2 Adults No Kids,2,None/Unknown,0,1
56,201,1107,11135,6691.53,2.839002969876962,613,80,-1233.96,-39.22,-8.55,2,GROCERY,3721.96,2,2,0.3278955954323002,55-64,A,100-124K,Homeowner,2 Adults Kids,4,2,1,2
57,194,514,141557,3105.87,3.409297475301866,657,76,-500.36,-5.84,-0.45,13,GROCERY,1089.26,4,0,0.2952815829528158,45-54,B,35-49K,Homeowner,2 Adults No Kids,2,None/Unknown,0,2
58,268,1386,1209027,10367.08,3.53946056674633,630,90,-1542.95,-58.25,-12.8,8,GROCERY,4321.92,10,7,0.4253968253968254,25-34,A,150-174K,Homeowner,2 Adults Kids,4,2,1,2
59,44,384,35749,1688.33,3.424604462474645,617,29,-365.8,-31.38,-7.3,6,GROCERY,865.27,0,0,0.0713128038897893,,,,,,,,0,1
60,8,98,11181,400.94,3.7471028037383176,606,7,-216.37,0.0,0.0,2,GROCERY,153.4,0,0,0.0132013201320132,,,,,,,,0,1
61,11,40,64,183.8,4.595000000000001,617,11,-52.91,0.0,0.0,4,GROCERY,135.02,0,0,0.0178282009724473,,,,,,,,0,1
62,33,184,270,359.29,1.460528455284553,603,23,-72.99,-2.05,-0.3,3,GROCERY,220.55,0,0,0.0547263681592039,,,,,,,,0,1
63,33,65,161,589.6,4.832786885245902,625,30,-72.64,0.0,0.0,1,DRUG GM,224.84,0,0,0.0528,,,,,,,,0,1
64,264,760,1869,3917.81,2.7766194188518782,701,75,-562.9,-3.05,-0.95,8,GROCERY,1808.97,4,0,0.37660485021398,,,,,,,,1,2
65,122,423,606,2042.17,3.8531509433962263,635,64,-229.22,-10.72,0.0,5,GROCERY,862.93,6,0,0.1921259842519685,,,,,,,,0,2
66,29,163,243,395.95,2.1636612021857924,567,18,-82.78,0.0,0.0,7,GROCERY,212.55,0,0,0.0511463844797178,,,,,,,,0,1
67,227,1322,340342,9618.9,3.458791801510248,606,82,-2473.85,-230.25,-57.64,11,GROCERY,5426.22,8,30,0.3745874587458745,45-54,A,Under 15K,Homeowner,2 Adults Kids,5+,3+,1,2
68,553,962,203275,4960.77,2.255920873124148,701,98,-968.9,-39.69,-6.2,9,GROCERY,2903.7,10,1,0.7888730385164051,,,,,,,,1,2
69,183,1190,2888,5704.34,2.725437171524128,625,69,-1040.63,-0.75,-0.75,16,GROCERY,3246.26,7,0,0.2928,,,,,,,,1,2
70,32,21,51,76.4,1.6255319148936171,697,21,-10.71,0.0,0.0,1,DRUG GM,28.16,0,0,0.0459110473457675,,,,,,,,0,1
71,90,407,12505,3376.03,5.092051282051282,648,63,-530.38,-39.75,-1.25,2,DRUG GM,1674.79,2,0,0.1388888888888889,35-44,A,25-34K,Homeowner,Single Female,2,None/Unknown,0,1
72,107,1030,140869,6473.43,2.502292230382683,620,71,-1002.16,-15.79,-0.8,10,GROCERY,3711.11,7,0,0.1725806451612903,,,,,,,,1,2
73,164,515,215984,2864.18,3.8862686567164175,603,56,-242.74,-0.55,0.0,4,GROCERY,1283.5,4,0,0.2719734660033167,,,,,,,,0,2
74,131,412,1480,2047.64,1.959464114832536,623,68,-864.83,-19.25,-0.75,2,GROCERY,1114.01,5,0,0.2102728731942215,65+,A,15-24K,Homeowner,2 Adults No Kids,2,None/Unknown,0,2
75,64,148,222787,1167.09,5.052337662337662,620,48,-177.13,-12.69,0.0,5,GROCERY,517.54,0,0,0.1032258064516129,,,,,,,,0,1
76,16,103,164,315.94,2.980566037735849,667,14,-76.57,0.0,0.0,4,GROCERY,153.47,0,0,0.0239880059970015,,,,,,,,0,1
77,87,1313,2951,6227.1,2.5241588974462914,705,66,-1260.28,-26.85,-6.15,6,GROCERY,3991.02,2,1,0.1234042553191489,35-44,A,100-124K,Homeowner,2 Adults Kids,5+,3+,1,2
78,210,390,1546,2505.14,2.413429672447013,621,81,-400.63,0.0,0.0,6,GROCERY,1666.37,5,0,0.3381642512077294,55-64,U,25-34K,Unknown,Single Male,1,None/Unknown,0,2
79,154,761,241704,3950.12,3.1727871485943773,606,74,-780.47,-48.15,-12.6,8,GROCERY,1673.42,1,1,0.2541254125412541,,,,,,,,1,2
80,94,824,134902,3002.09,2.518531879194631,641,57,-846.51,-25.8,-1.6,10,GROCERY,1358.1,2,1,0.1466458658346333,45-54,U,50-74K,Homeowner,2 Adults No Kids,2,None/Unknown,0,2
81,152,1013,2942,5553.7,2.680357142857143,658,73,-1142.24,-89.43,0.0,9,GROCERY,3110.73,4,0,0.2310030395136778,,,,,,,,1,2
82,51,70,148,566.51,4.568629032258064,627,46,-90.54,0.0,0.0,1,MEAT,321.46,0,0,0.0813397129186602,,,,,,,,0,1
83,110,290,42133,1183.74,3.2790581717451524,670,63,-183.92,0.0,0.0,6,GROCERY,580.84,1,0,0.1641791044776119,,,,,,,,0,1
84,52,336,8701,1208.09,2.6092656587473,651,36,-150.85,-1.3,-0.7,4,GROCERY,737.6800000000001,0,0,0.0798771121351766,,,,,,,,0,1
85,282,963,133187,4696.49,2.702238204833141,693,91,-948.81,-4.05,-0.45,7,GROCERY,2369.94,8,0,0.4069264069264069,25-34,U,35-49K,Unknown,Single Male,1,None/Unknown,1,2
86,46,757,16370,4019.44,3.76,605,33,-516.38,-2.5,0.0,5,GROCERY,2315.05,2,0,0.0760330578512396,65+,B,35-49K,Homeowner,Single Male,1,None/Unknown,0,1
87,45,197,400,1202.3,3.435142857142857,622,39,-82.0,-3.0,0.0,5,NUTRITION,468.86,0,0,0.0723472668810289,,,,,,,,0,1
88,229,1994,302041,11615.66,2.2807107795012764,621,87,-2233.1,-121.17,-32.4,7,GROCERY,6979.72,12,7,0.3687600644122383,,,,,,,,1,2
89,11,46,52,177.56,3.777872340425532,528,11,-9.93,0.0,0.0,1,DRUG GM,142.47,0,0,0.0208333333333333,,,,,,,,0,1
90,10,109,16694,490.41,3.18448051948052,588,9,-57.21,0.0,0.0,3,GROCERY,267.31,0,0,0.0170068027210884,,,,,,,,0,1
91,181,463,310157,2899.66,3.5361707317073168,654,60,-302.99,0.0,0.0,11,GROCERY,1511.0,2,0,0.2767584097859327,,,,,,,,0,2
92,57,553,11137,1587.38,2.1335752688172045,604,48,-441.19,0.0,0.0,2,GROCERY,687.4,1,0,0.0943708609271523,,,,,,,,0,1
93,106,485,23269,3346.7200000000003,2.6290023566378635,543,71,-596.15,-130.03,-12.19,2,GROCERY,2314.74,12,8,0.1952117863720073,,,,,,,,1,2
94,36,119,17964,442.64,3.161714285714285,611,30,-109.27,-1.5,0.0,2,GROCERY,139.88,0,0,0.0589198036006546,,,,,,,,0,1
95,308,1192,451641,6500.18,3.079194694457603,621,87,-1937.51,-41.91,-0.25,5,GROCERY,3224.65,5,0,0.4959742351046698,,,,,,,,1,2
96,59,254,415,1182.43,3.572296072507553,687,35,-169.06,0.0,0.0,2,GROCERY,514.08,2,0,0.0858806404657933,,,,,,,,0,1
97,180,968,390421,5323.95,2.928465346534653,663,81,-982.49,-0.35,-0.35,6,GROCERY,2831.03,4,0,0.2714932126696832,45-54,U,75-99K,Unknown,Single Female,1,None/Unknown,1,2
98,205,683,1810,2547.3,1.8995525727069356,709,72,-526.12,-2.0,0.0,6,GROCERY,1878.29,2,0,0.2891396332863187,35-44,U,35-49K,Unknown,1 Adult Kids,2,1,0,2
99,255,1327,51390,6926.15,2.4639452152258983,623,86,-1164.32,-57.1,-5.45,6,GROCERY,4000.97,4,4,0.4093097913322632,,,,,,,,1,2
100,33,432,139469,2294.62,3.5630745341614904,685,27,-388.27,-5.5,-0.5,3,GROCERY,1146.44,0,0,0.0481751824817518,,,,,,,,0,1
101,242,574,352333,6651.58,5.704614065180103,592,75,-2086.67,-52.44,-3.45,5,GROCERY,3923.75,5,5,0.4087837837837837,45-54,A,Under 15K,Homeowner,2 Adults Kids,4,2,1,2
102,8,92,139,304.84000000000003,2.8758490566037738,131,6,-53.16,-2.5,0.0,2,GROCERY,184.66,0,0,0.0610687022900763,,,,,,,,0,1
103,51,208,283,541.99,2.16796,618,29,-100.46,-7.23,0.0,4,GROCERY,259.37,1,0,0.0825242718446602,,,,,,,,0,1
104,128,1065,40951,6546.74,2.7565221052631577,599,67,-1547.87,-167.11,-39.7,4,GROCERY,3628.64,8,4,0.2136894824707846,35-44,A,35-49K,Homeowner,2 Adults Kids,5+,3+,1,2
105,169,1253,2994,4591.67,1.9547339293316304,702,74,-1314.32,-25.63,-11.35,3,GROCERY,2433.42,8,8,0.2407407407407407,25-34,B,Under 15K,Homeowner,1 Adult Kids,3,2,1,2
106,67,338,193359,2014.66,4.332602150537634,607,33,-199.63,-0.75,0.0,6,GROCERY,780.58,0,0,0.1103789126853377,,,,,,,,0,1
107,41,197,116913,1222.83,4.667290076335878,616,22,-173.37,0.0,0.0,6,GROCERY,379.25,0,0,0.0665584415584415,,,,,,,,0,1
108,62,646,69520,2671.16,3.028526077097505,605,38,-373.27,-1.5,0.0,5,GROCERY,1156.38,4,0,0.1024793388429752,,,,,,,,0,1
109,104,774,1544,3501.07,2.4262439362439365,593,65,-452.3,-1.25,-0.75,4,GROCERY,2050.66,4,0,0.1753794266441821,25-34,A,15-24K,Homeowner,Single Female,2,None/Unknown,0,2
110,185,848,192457,3461.32,2.415436147941382,644,78,-595.76,-1.25,-0.25,14,GROCERY,1767.29,4,0,0.2872670807453416,25-34,U,35-49K,Homeowner,Single Female,1,None/Unknown,1,2
111,51,480,37164,1515.65,2.538777219430486,674,36,-353.06,-17.490000000000002,-4.25,4,GROCERY,817.5600000000001,1,0,0.0756676557863501,,,,,,,,0,1
112,80,196,187947,1342.65,5.737820512820513,656,52,-85.27,-1.0,0.0,5,KIOSK-GAS,455.38,1,0,0.1219512195121951,,,,,,,,0,1
113,223,2013,1074819,15324.95,3.4679678660330397,613,88,-2198.01,-83.38,-13.55,6,GROCERY,7333.93,11,2,0.3637846655791191,35-44,A,125-149K,Homeowner,2 Adults Kids,4,2,1,2
114,88,684,68156,3315.63,3.125004712535344,701,64,-530.12,-1.4,-0.4,5,GROCERY,1819.01,4,0,0.1255349500713266,25-34,U,35-49K,Homeowner,2 Adults No Kids,2,None/Unknown,0,2
115,201,1261,998548,13262.1,4.392878436568401,669,89,-1630.29,-116.61,-13.6,6,GROCERY,5485.45,10,16,0.3004484304932735,,,,,,,,1,2
116,83,169,389,647.72,2.082700964630225,665,60,-262.26,-8.85,-1.25,2,GROCERY,501.08,2,0,0.1248120300751879,,,,,,,,0,1
117,94,717,26693,2568.21,1.861021739130435,681,73,-544.01,-13.3,-4.2,5,GROCERY,1558.69,7,7,0.1380323054331864,65+,B,35-49K,Probable Owner,2 Adults No Kids,2,None/Unknown,0,2
118,90,583,194723,4526.21,2.9144945267224727,606,66,-541.97,-1.5,-0.5,6,GROCERY,2829.3,5,0,0.1485148514851485,45-54,B,35-49K,Homeowner,Single Female,1,None/Unknown,0,2
119,62,595,842,2593.01,3.393992146596859,649,41,-209.62,-7.24,0.0,10,GROCERY,1192.61,2,0,0.0955315870570107,45-54,U,125-149K,Unknown,Single Male,1,None/Unknown,0,1
120,19,23,18883,242.32,7.5725,601,16,-6.75,0.0,0.0,5,SALAD BAR,88.26,0,0,0.0316139767054908,,,,,,,,0,1
121,112,625,15773,2225.58,2.578887601390498,555,47,-401.37,-4.5,0.0,10,GROCERY,1128.93,3,0,0.2018018018018018,45-54,U,25-34K,Unknown,2 Adults Kids,3,1,0,1
122,132,537,1068,2354.22,3.177085020242915,668,62,-681.42,-6.54,-0.75,1,GROCERY,1111.41,5,0,0.1976047904191616,,,,,,,,0,2
123,174,583,113843,3222.65,2.533529874213837,609,82,-740.26,-4.0,0.0,9,GROCERY,1591.11,3,0,0.2857142857142857,45-54,B,35-49K,Homeowner,2 Adults No Kids,2,None/Unknown,0,2
124,61,162,300,683.41,2.933090128755365,649,42,-145.19,-4.3500000000000005,-3.85,5,GROCERY,330.42,0,0,0.0939907550077041,,,,,,,,0,1
125,358,1397,972069,10601.5,4.269633507853404,692,98,-1945.21,-139.95,-16.55,4,GROCERY,4169.66,10,2,0.5173410404624278,,,,,,,,1,2
126,31,264,401,853.45,2.66703125,611,24,-184.9,0.0,0.0,8,GROCERY,510.66,0,0,0.0507364975450081,,,,,,,,0,1
127,191,890,317269,4658.2300000000005,3.168863945578232,615,70,-1308.52,-102.15,-35.7,5,GROCERY,2124.6,4,4,0.3105691056910569,45-54,U,25-34K,Unknown,Single Female,1,None/Unknown,1,2
128,41,252,41235,1381.08,2.790060606060606,692,30,-197.03,0.0,0.0,3,GROCERY,553.32,0,0,0.0592485549132947,,,,,,,,0,1
129,40,169,319,475.73,1.836795366795367,575,32,-76.26,-1.0,0.0,2,GROCERY,279.71,0,0,0.0695652173913043,,,,,,,,0,1
130,20,121,32624,511.62,3.3882119205298014,312,15,-55.73,0.0,0.0,2,GROCERY,175.31,0,0,0.0641025641025641,,,,,,,,0,1
131,354,1317,132330,6156.22,3.034115327747659,684,92,-1213.85,-71.17,-2.3,16,GROCERY,2829.62,7,0,0.5175438596491229,45-54,U,50-74K,Unknown,2 Adults No Kids,2,None/Unknown,1,2
132,98,610,12539,2875.24,2.697223264540338,669,59,-497.04,0.0,0.0,1,GROCERY,1338.58,6,0,0.1464872944693572,,,,,,,,0,2
133,75,741,1684,3823.89,3.3367277486911,603,59,-882.63,-31.28,-1.2,4,GROCERY,1879.38,4,0,0.1243781094527363,45-54,A,Under 15K,Homeowner,Single Male,2,None/Unknown,0,2
134,86,1102,41438,5535.09,3.465929868503444,674,57,-1213.79,-22.9,-2.65,3,GROCERY,3367.07,6,0,0.1275964391691394,55-64,A,25-34K,Homeowner,Single Female,2,None/Unknown,1,2
135,74,179,309,717.5,2.3758278145695364,637,59,-104.46,-2.25,-0.75,2,GROCERY,379.92,0,0,0.1161695447409733,,,,,,,,0,1
136,77,773,1485,2804.82,2.274793187347932,584,44,-610.66,-2.5,0.0,2,GROCERY,1828.81,3,0,0.1318493150684931,45-54,U,50-74K,Unknown,Unknown,1,None/Unknown,0,1
137,38,298,500,1062.17,2.8400267379679147,526,32,-273.93,-13.75,-1.75,2,GROCERY,538.78,1,0,0.0722433460076045,,,,,,,,0,1
138,68,757,1765,3529.19,3.223004566210045,637,51,-742.03,-17.6,-1.15,7,GROCERY,1859.97,2,0,0.1067503924646781,,,,,,,,0,2
139,83,594,123816,3073.33,2.8404158964879853,635,51,-484.84,-39.95,-2.1,4,GROCERY,1470.34,2,9,0.1307086614173228,35-44,B,75-99K,Homeowner,Single Male,1,None/Unknown,0,1
140,140,412,923,1720.64,2.4721839080459773,654,46,-341.2,-3.8,0.0,4,GROCERY,1255.8,3,0,0.2140672782874617,,,,,,,,0,1
141,52,169,14709,448.34,2.2643434343434343,661,40,-61.22,0.0,0.0,16,GROCERY,143.35,0,0,0.0786686838124054,,,,,,,,0,2
142,176,258,1242,2324.19,2.773496420047733,692,95,-396.07,0.0,0.0,3,GROCERY,1752.53,7,0,0.2543352601156069,,,,,,,,0,2
143,408,1244,310038,6574.2300000000005,2.5842099056603773,612,72,-1537.76,-72.8,-13.55,12,GROCERY,3330.92,6,3,0.6666666666666666,,,,,,,,1,2
144,88,495,947,2126.31,3.402096,554,44,-462.78,0.0,0.0,5,GROCERY,1157.57,4,0,0.1588447653429603,,,,,,,,0,1
145,59,400,641,1470.49,3.0957684210526315,639,41,-377.75,-4.85,-0.35,2,GROCERY,733.53,1,0,0.0923317683881064,,,,,,,,0,1
146,41,282,27837,843.02,2.2908152173913043,678,28,-214.26,-3.05,-0.45,5,GROCERY,453.1,0,0,0.0604719764011799,,,,,,,,0,1
147,36,520,80714,1487.21,2.0742119944212,631,29,-715.7,-2.05,0.0,4,GROCERY,810.43,0,0,0.0570522979397781,,,,,,,,0,1
148,55,307,452,1231.76,3.2414736842105265,606,37,-133.34,-2.55,-0.45,7,GROCERY,621.75,0,0,0.0907590759075907,,,,,,,,0,1
149,215,1229,1241140,11920.93,3.8679201817001942,609,70,-1258.88,-4.5,0.0,3,GROCERY,5027.43,8,0,0.3530377668308703,45-54,U,35-49K,Homeowner,2 Adults No Kids,2,None/Unknown,1,2
150,6,70,100,230.35,3.290714285714285,523,5,-52.18,0.0,0.0,1,GROCERY,144.27,0,0,0.011472275334608,,,,,,,,0,1
151,49,284,55969,1226.14,2.9474519230769234,590,32,-353.82,-16.94,-5.1,4,GROCERY,561.68,1,0,0.0830508474576271,,,,,,,,0,1
152,37,329,670,1454.28,3.2607174887892376,658,28,-462.17,-15.84,-6.25,3,GROCERY,849.59,0,0,0.0562310030395136,,,,,,,,0,1
153,92,436,5763,1558.65,1.3991472172351886,625,54,-316.8,-11.48,-1.05,14,GROCERY,1237.07,0,0,0.1472,,,,,,,,0,2
154,30,218,24034,867.1800000000001,3.164890510948905,525,20,-134.83,0.0,0.0,1,GROCERY,505.59,0,0,0.0571428571428571,,,,,,,,0,1
155,52,399,15768,2101.05,2.963399153737659,595,39,-342.88,-5.45,-0.4,4,GROCERY,1417.24,2,0,0.0873949579831932,35-44,B,50-74K,Homeowner,2 Adults Kids,3,1,0,1
156,587,1160,334611,5224.07,2.557058247674988,595,85,-756.59,-26.44,-4.5,6,GROCERY,2149.25,8,2,0.9865546218487397,,,,,,,,1,2
157,172,688,16281,2748.9500000000003,2.8997362869198318,683,78,-430.08,-0.25,-0.25,5,GROCERY,1704.11,5,0,0.2518301610541728,19-24,U,15-24K,Homeowner,2 Adults No Kids,2,None/Unknown,0,2
158,180,247,617,1869.79,3.2918838028169013,589,80,-402.88,-125.19,-28.3,3,DRUG GM,933.07,4,1,0.3056027164685908,45-54,U,50-74K,Homeowner,Unknown,1,None/Unknown,0,2
159,86,634,7280,2143.87,2.163340060544904,619,53,-425.97,-2.0,0.0,7,GROCERY,1162.71,0,0,0.1389337641357027,45-54,U,Under 15K,Homeowner,2 Adults No Kids,2,None/Unknown,0,1
160,57,375,44250,1536.09,2.92032319391635,632,46,-232.59,-1.0,0.0,6,GROCERY,676.78,1,0,0.0901898734177215,,,,,,,,0,1
161,266,854,102543,6071.52,3.025171898355755,609,61,-1204.96,-3.34,-0.45,7,GROCERY,3996.92,3,0,0.4367816091954023,19-24,A,75-99K,Unknown,2 Adults Kids,3,1,1,2
162,71,430,1086,3037.54,3.3016739130434782,686,60,-301.99,0.0,0.0,6,GROCERY,2170.26,4,0,0.1034985422740524,,,,,,,,0,2
163,17,104,13578,272.52,2.4774545454545454,590,11,-34.42,-2.5,0.0,5,GROCERY,139.05,0,0,0.0288135593220339,,,,,,,,0,1
164,116,1127,61123,4272.41,2.3194408251900107,592,64,-1055.33,-31.67,-5.09,2,GROCERY,2771.87,4,6,0.1959459459459459,45-54,U,35-49K,Unknown,2 Adults No Kids,2,None/Unknown,1,2
165,174,502,297177,2995.47,3.1333368200836818,663,78,-1015.44,-15.04,-3.9,1,GROCERY,1016.14,7,2,0.2624434389140271,55-64,A,35-49K,Homeowner,2 Adults No Kids,2,None/Unknown,1,2
166,122,410,1227,3059.69,3.5209321058688148,651,69,-374.35,0.0,0.0,3,GROCERY,1620.03,2,0,0.1874039938556067,25-34,A,50-74K,Homeowner,2 Adults Kids,3,1,0,2
167,20,286,392,1268.02,3.70766081871345,670,18,-115.4,-3.8,-0.95,4,GROCERY,462.71,0,0,0.0298507462686567,,,,,,,,0,1
168,37,129,17183,510.8,3.212578616352201,678,29,-61.12,0.0,0.0,9,GROCERY,218.22,0,0,0.0545722713864306,,,,,,,,0,1
169,24,27,66926,255.58,6.3895,608,14,-26.48,0.0,0.0,1,KIOSK-GAS,168.03,0,0,0.0394736842105263,,,,,,,,0,1
170,45,578,13740,2024.51,2.66733860342556,653,33,-523.28,-3.45,-1.75,6,GROCERY,1014.79,0,0,0.0689127105666156,25-34,A,100-124K,Homeowner,2 Adults Kids,4,2,0,1
171,25,310,7651,740.46,2.0121195652173918,612,19,-156.01,-13.15,-2.05,5,GROCERY,510.3,0,0,0.0408496732026143,,,,,,,,0,1
172,159,192,162153,1770.87,4.878429752066116,642,73,-162.31,-1.5,-0.5,4,KIOSK-GAS,911.54,0,0,0.2476635514018691,,,,,,,,0,1
173,10,51,121,234.97,2.900864197530864,324,8,-41.85,0.0,0.0,3,GROCERY,159.59,0,0,0.0308641975308641,,,,,,,,0,1
174,27,321,641,1208.39,2.5875588865096364,609,22,-250.18,-0.99,0.0,1,GROCERY,457.29,0,0,0.0443349753694581,,,,,,,,0,1
175,51,314,740,1154.02,2.359959100204499,648,34,-183.45,-5.5,0.0,1,GROCERY,814.25,0,0,0.0787037037037037,,,,,,,,0,1
176,23,177,65372,788.29,3.583136363636364,497,16,-148.69,-2.5,0.0,6,GROCERY,340.45,0,0,0.0462776659959758,,,,,,,,0,1
177,50,310,39323,1130.58,3.089016393442623,641,32,-216.74,-40.9,-6.98,7,GROCERY,597.96,0,0,0.078003120124805,,,,,,,,0,1
178,119,350,893,2028.47,3.169484375,686,41,-310.68,-32.36,-4.15,5,DRUG GM,1112.03,0,0,0.173469387755102,25-34,A,25-34K,Homeowner,1 Adult Kids,5+,3+,0,1
179,38,143,288,620.5600000000001,3.215336787564767,449,31,-142.11,0.0,0.0,3,GROCERY,383.79,1,0,0.0846325167037861,,,,,,,,0,1
180,68,479,2617,2103.4,3.436928104575164,595,36,-396.48,0.0,0.0,5,GROCERY,1070.66,2,0,0.1142857142857142,,,,,,,,0,1
181,39,364,150333,1670.82,2.972989323843416,547,24,-353.7,-5.0,0.0,2,GROCERY,642.12,2,0,0.0712979890310786,,,,,,,,0,1
182,36,283,729,1162.34,2.288070866141732,627,29,-272.39,-2.5,0.0,10,GROCERY,765.65,0,0,0.0574162679425837,,,,,,,,0,1
183,136,355,808,1560.67,2.73322241681261,662,64,-197.71,-2.0,0.0,5,GROCERY,491.43,5,0,0.2054380664652568,,,,,,,,0,1
184,257,827,593749,7090.07,4.624964122635356,612,85,-1048.93,-29.22,-1.85,15,GROCERY,2406.11,5,4,0.4199346405228758,45-54,U,25-34K,Unknown,Single Male,1,None/Unknown,1,2
185,68,476,93549,2137.62,3.0064978902953583,666,40,-611.39,-5.0,0.0,1,GROCERY,945.94,1,0,0.1021021021021021,,,,,,,,0,1
186,3,13,20,59.52,4.578461538461538,605,3,-3.78,0.0,0.0,2,GROCERY,35.6,0,0,0.0049586776859504,,,,,,,,0,1
187,59,262,427,701.0,1.9802259887005649,669,42,-167.24,-6.0,0.0,7,GROCERY,380.59,2,0,0.0881913303437967,,,,,,,,0,1
188,43,478,36901,1847.62,3.1262605752961083,636,31,-451.4,0.0,0.0,7,GROCERY,1070.91,2,0,0.0676100628930817,,,,,,,,0,1
189,38,149,29305,801.99,3.645409090909091,613,35,-86.46,0.0,0.0,5,GROCERY,294.95,0,0,0.0619902120717781,,,,,,,,0,1
190,23,206,283,696.28,3.014199134199134,568,17,-137.98,0.0,0.0,5,GROCERY,421.33,0,0,0.0404929577464788,,,,,,,,0,1
191,34,182,25375,552.85,2.8063451776649746,685,24,-148.3,-0.75,-0.25,7,GROCERY,341.37,0,0,0.0496350364963503,,,,,,,,0,1
192,95,494,1498,3778.08,3.017635782747604,664,79,-552.28,-15.3,-3.1,1,GROCERY,2598.42,5,2,0.1430722891566265,45-54,A,35-49K,Homeowner,Single Male,2,None/Unknown,0,2
193,136,501,706882,4814.66,5.379508379888268,662,67,-580.8,-5.0,0.0,10,GROCERY,2187.41,5,0,0.2054380664652568,45-54,A,75-99K,Homeowner,2 Adults No Kids,2,None/Unknown,1,2
194,73,473,33205,1882.81,3.0076837060702872,673,49,-285.45,0.0,0.0,4,GROCERY,770.98,1,0,0.1084695393759286,,,,,,,,0,1
195,91,715,307897,4166.72,2.967749287749288,664,57,-1134.99,0.0,0.0,6,GROCERY,2179.35,2,0,0.1370481927710843,,,,,,,,0,2
196,186,1096,51990,5261.19,2.4631039325842696,643,82,-1259.84,-24.18,-7.65,2,GROCERY,2641.08,7,5,0.2892690513219285,,,,,,,,1,2
197,55,266,899,1929.23,2.808195050946143,631,43,-213.91,0.0,0.0,3,GROCERY,1470.65,0,0,0.0871632329635499,,,,,,,,0,1
198,461,1777,4270,8659.17,2.569486646884273,629,86,-1818.86,-22.74,-0.5,3,GROCERY,4703.9800000000005,10,0,0.7329093799682035,35-44,A,Under 15K,Homeowner,2 Adults Kids,3,1,1,2
199,54,165,368,667.97,3.0640825688073394,630,43,-131.16,-1.0,0.0,1,GROCERY,432.96,0,0,0.0857142857142857,,,,,,,,0,1
200,80,332,523,1166.63,2.894863523573201,689,35,-172.23,0.0,0.0,1,GROCERY,626.61,1,0,0.11611030478955,,,,,,,,0,1
201,48,288,732,1435.17,2.922953156822811,586,29,-358.64,-5.0,0.0,3,GROCERY,815.68,0,0,0.0819112627986348,45-54,A,15-24K,Homeowner,2 Adults Kids,5+,3+,0,1
202,37,240,21388,964.88,3.668745247148289,639,27,-161.38,0.0,0.0,3,GROCERY,371.6,0,0,0.0579029733959311,,,,,,,,0,1
203,42,270,66331,908.83,2.8579559748427674,603,30,-128.65,-1.3,-0.7,2,GROCERY,443.95,0,0,0.0696517412935323,,,,,,,,0,1
204,57,311,41791,929.27,2.567044198895028,614,39,-232.36,-4.05,-0.95,8,GROCERY,456.17,0,0,0.0928338762214983,,,,,,,,0,1
205,106,633,19126,3749.64,3.547436140018921,643,56,-491.53,-1.0,0.0,5,GROCERY,1331.3,4,0,0.1648522550544323,,,,,,,,0,2
206,15,124,172,386.6,2.5946308724832217,595,9,-76.52,-0.6,0.0,2,GROCERY,208.88,0,0,0.0252100840336134,,,,,,,,0,1
207,21,311,17454,995.72,2.559691516709512,590,19,-120.55,0.0,0.0,9,GROCERY,519.55,0,0,0.035593220338983,,,,,,,,0,1
208,140,484,222425,4296.33,3.073197424892704,652,80,-1146.58,-147.59,-55.96,4,GROCERY,2092.08,8,6,0.2147239263803681,45-54,U,50-74K,Homeowner,2 Adults No Kids,2,None/Unknown,1,2
209,196,921,323980,6876.56,4.095628350208457,615,80,-1216.32,-114.25,-13.55,5,GROCERY,3182.69,5,0,0.3186991869918699,45-54,U,25-34K,Homeowner,2 Adults Kids,3,1,1,2
210,147,839,6861,3772.56,2.3345049504950497,690,78,-945.32,-7.55,-1.15,5,GROCERY,1501.18,6,0,0.2130434782608695,,,,,,,,0,2
211,112,334,1389,2244.06,2.4260108108108107,619,70,-383.14,0.0,0.0,4,GROCERY,1750.05,2,0,0.1809369951534733,65+,A,35-49K,Homeowner,Single Female,2,None/Unknown,0,1
212,109,864,40781,3052.66,2.5481302170283806,696,73,-452.15,-5.49,-0.5,7,GROCERY,1683.1,5,0,0.1566091954022988,35-44,U,Under 15K,Unknown,Single Female,1,None/Unknown,0,2
213,9,210,362,606.5,2.5376569037656904,595,8,-82.64,-1.0,0.0,2,GROCERY,365.86,0,0,0.015126050420168,,,,,,,,0,1
214,86,464,1228,2657.91,2.4840280373831773,591,72,-511.77,-11.8,-1.3,4,GROCERY,1898.04,4,1,0.1455160744500846,55-64,B,Under 15K,Homeowner,2 Adults No Kids,2,None/Unknown,0,2
215,142,479,60552,1672.66,2.02501210653753,649,72,-308.66,-7.5,-0.5,23,GROCERY,692.39,1,2,0.2187981510015408,,,,,,,,0,2
216,120,369,1047,2624.5,3.727982954545455,708,70,-299.38,-5.19,-1.3,9,GROCERY,1230.64,2,0,0.1694915254237288,35-44,U,50-74K,Homeowner,Unknown,1,None/Unknown,0,2
217,65,473,207352,2435.12,3.0363092269326684,633,47,-564.75,-9.8,-1.8,2,GROCERY,868.67,2,0,0.1026856240126382,,,,,,,,0,1
218,164,1116,898192,9211.72,4.528869223205506,602,79,-1039.14,-3.4,0.0,2,GROCERY,3111.36,4,0,0.2724252491694352,45-54,A,15-24K,Homeowner,2 Adults No Kids,2,None/Unknown,1,2
219,228,1405,139031,11884.79,3.375401874467481,649,89,-1464.7,-4.13,-1.05,7,GROCERY,5371.33,7,0,0.3513097072419106,55-64,A,150-174K,Homeowner,2 Adults No Kids,2,None/Unknown,1,2
220,91,491,221038,2525.24,2.956955503512881,641,62,-503.98,-3.8,-0.3,5,GROCERY,1148.88,3,0,0.1419656786271451,45-54,A,35-49K,Homeowner,2 Adults No Kids,2,None/Unknown,0,2
221,79,663,46743,2879.29,2.286965845909452,598,65,-674.68,-14.49,-3.85,3,GROCERY,1949.85,3,0,0.1321070234113712,65+,U,15-24K,Unknown,Unknown,1,None/Unknown,0,2
222,130,902,199914,5897.9,2.5913444639718803,664,76,-678.03,-4.5,0.0,8,GROCERY,2945.96,3,1,0.1957831325301204,35-44,A,35-49K,Unknown,2 Adults No Kids,2,None/Unknown,1,2
223,118,593,23911,2738.98,3.575691906005222,687,61,-481.09,-0.6,0.0,10,GROCERY,1300.75,4,0,0.1717612809315866,,,,,,,,0,2
224,56,429,13033,1600.8,2.5902912621359224,658,35,-508.47,-8.49,-0.25,6,GROCERY,1007.29,0,0,0.0851063829787234,,,,,,,,0,1
225,44,207,321,729.82,2.6538909090909093,621,34,-116.11,0.0,0.0,4,GROCERY,501.15,0,0,0.0708534621578099,,,,,,,,0,1
226,50,291,47026,1205.06,2.6838752783964366,652,35,-275.44,0.0,0.0,5,GROCERY,693.91,1,0,0.0766871165644171,,,,,,,,0,1
227,135,288,18116,1390.25,1.1537344398340248,650,82,-696.96,-11.65,-0.8,7,GROCERY,1173.46,1,0,0.2076923076923077,,,,,,,,0,2
228,87,569,86509,2404.81,3.236621803499327,627,58,-523.27,-7.0,0.0,7,DRUG GM,1031.94,2,0,0.138755980861244,,,,,,,,0,1
229,40,226,547,1004.89,3.0824846625766877,656,33,-331.31,-11.5,0.0,3,GROCERY,532.12,0,0,0.0609756097560975,,,,,,,,0,1
230,168,992,153424,4521.01,2.340067287784679,609,79,-1027.99,-24.69,-5.1,5,GROCERY,2569.1,4,0,0.2758620689655172,25-34,U,25-34K,Unknown,Single Female,1,None/Unknown,1,2
231,9,91,19363,325.68,3.1315384615384616,424,7,-107.42,-3.75,0.0,5,GROCERY,176.03,0,0,0.0212264150943396,,,,,,,,0,1
232,631,1931,527603,12695.57,3.1393595450049454,599,82,-2173.29,-76.12,-5.45,2,GROCERY,6606.38,7,1,1.0534223706176962,35-44,U,35-49K,Unknown,2 Adults No Kids,2,None/Unknown,1,2
233,15,109,323,645.39,3.9114545454545455,590,14,-103.19,-8.93,0.0,3,GROCERY,515.53,0,0,0.0254237288135593,,,,,,,,0,1
234,19,110,134,260.64,2.154049586776859,620,14,-51.35,0.0,0.0,4,GROCERY,145.65,0,0,0.0306451612903225,,,,,,,,0,1
235,200,1466,452806,12156.64,4.385512265512265,697,88,-1169.59,-16.75,-5.95,9,GROCERY,6201.44,7,0,0.2869440459110473,35-44,A,250K+,Homeowner,2 Adults Kids,5+,3+,1,2
236,47,428,772,1591.78,2.777975567190227,659,37,-435.37,-13.0,-3.0,5,GROCERY,1100.36,2,0,0.0713201820940819,,,,,,,,0,1
237,6,148,242,549.59,3.5005732484076435,540,6,-75.93,-2.5,0.0,2,GROCERY,376.86,0,0,0.0111111111111111,,,,,,,,0,1
238,28,169,264,693.4,3.2401869158878505,623,22,-89.2,-0.75,-0.25,3,GROCERY,274.41,0,0,0.0449438202247191,,,,,,,,0,1
239,264,1226,3231,4671.2,1.6453680873547023,684,98,-990.36,-120.12,-25.2,1,GROCERY,2231.84,9,14,0.3859649122807017,45-54,U,50-74K,Renter,Unknown,1,None/Unknown,1,2
240,31,96,236,365.61,3.293783783783784,702,17,-139.23,-1.0,0.0,10,GROCERY,191.72,0,0,0.0441595441595441,,,,,,,,0,1
241,16,56,86,199.73,3.0727692307692305,566,12,-40.14,0.0,0.0,5,GROCERY,103.38,0,0,0.0282685512367491,,,,,,,,0,1
242,87,946,2364,5231.8,2.908171206225681,637,62,-709.59,-12.4,-2.6,5,GROCERY,2499.28,5,0,0.1365777080062794,45-54,A,75-99K,Homeowner,2 Adults Kids,5+,3+,0,2
243,250,1078,678425,8074.12,3.6109660107334527,651,89,-831.58,-13.6,-2.3,9,GROCERY,2824.1,7,4,0.3840245775729646,65+,U,50-74K,Homeowner,2 Adults No Kids,2,None/Unknown,1,2
244,41,422,933,1698.95,2.0177553444180525,628,39,-248.78,-3.0,0.0,3,GROCERY,1027.07,0,0,0.0652866242038216,,,,,,,,0,1
245,48,310,135317,1396.45,3.59909793814433,679,39,-402.63,0.0,0.0,6,GROCERY,548.81,1,0,0.0706921944035346,,,,,,,,0,1
246,47,238,3926,847.25,2.427650429799427,662,38,-141.86,0.0,0.0,5,GROCERY,540.2,2,0,0.0709969788519637,,,,,,,,0,1
247,59,321,586,1243.06,2.57896265560166,630,35,-167.76,0.0,0.0,8,GROCERY,615.43,0,0,0.0936507936507936,,,,,,,,0,1
248,57,1514,83561,6039.01,2.907563793933558,675,41,-1997.99,-120.98,-17.1,5,GROCERY,3801.99,3,6,0.0844444444444444,35-44,A,125-149K,Homeowner,2 Adults Kids,4,2,1,2
249,137,589,18312,2823.23,2.516247771836007,625,69,-485.35,-58.75,-0.25,5,GROCERY,1317.69,3,1,0.2192,35-44,A,Under 15K,Renter,Unknown,3,1,0,1
250,121,521,2455,5991.84,2.839734597156398,598,81,-766.54,-25.75,-10.55,4,GROCERY,3940.3,0,0,0.2023411371237458,45-54,A,75-99K,Homeowner,1 Adult Kids,4,2,0,2
251,83,546,8212,2268.51,3.053176312247645,677,54,-478.52,-2.5,-0.5,10,GROCERY,1288.84,2,2,0.1225997045790251,,,,,,,,0,2
252,9,27,35,93.78,3.126,553,9,-8.47,0.0,0.0,5,DRUG GM,48.35,0,0,0.0162748643761302,,,,,,,,0,1
253,385,1746,162749,10993.71,2.346075544174136,691,92,-3211.57,-84.39,-37.45,11,GROCERY,6688.38,7,0,0.557163531114327,45-54,U,Under 15K,Unknown,Single Female,1,None/Unknown,1,2
254,43,146,230,442.14,2.244365482233502,691,37,-69.65,0.0,0.0,6,GROCERY,239.49,0,0,0.0622286541244573,,,,,,,,0,1
255,18,141,232,672.09,3.7338333333333336,695,17,-158.64,0.0,0.0,3,GROCERY,540.03,0,0,0.0258992805755395,,,,,,,,0,1
256,125,918,113983,9850.35,3.214866187989556,678,82,-1026.8,-110.36,-16.15,8,GROCERY,6537.82,12,32,0.1843657817109144,25-34,U,50-74K,Homeowner,2 Adults No Kids,2,None/Unknown,1,2
257,122,574,16244,2689.99,2.3953606411398045,641,63,-689.63,-0.65,-0.35,13,GROCERY,1306.21,3,0,0.1903276131045241,25-34,U,25-34K,Unknown,1 Adult Kids,3,2,0,2
258,211,962,38590,2631.11,1.661054292929293,667,84,-654.39,-54.78,-12.7,19,GROCERY,1681.24,5,0,0.3163418290854572,,,,,,,,1,2
259,54,193,408,1158.33,3.542293577981652,683,42,-119.55,0.0,0.0,1,GROCERY,622.46,0,0,0.0790629575402635,,,,,,,,0,1
260,30,156,6876,425.04,2.361333333333333,587,25,-51.25,0.0,0.0,4,GROCERY,236.69,0,0,0.0511073253833049,,,,,,,,0,1
261,44,216,132982,1241.87,4.565698529411765,542,28,-123.36,-1.0,0.0,1,GROCERY,390.28,1,0,0.081180811808118,,,,,,,,0,1
262,218,931,2104,4802.27,2.8964234016887818,597,69,-798.69,-11.8,-0.3,4,GROCERY,2552.44,7,1,0.3651591289782244,,,,,,,,1,2
263,325,815,2700,5870.33,2.624197586052749,613,88,-1071.8,-11.08,-3.45,7,GROCERY,2964.3,6,0,0.5301794453507341,45-54,U,35-49K,Unknown,2 Adults No Kids,2,None/Unknown,1,2
264,61,439,26441,1783.07,2.70983282674772,624,51,-374.75,-1.0,0.0,5,GROCERY,900.33,1,0,0.0977564102564102,45-54,U,75-99K,Homeowner,2 Adults No Kids,2,None/Unknown,0,1
265,53,485,4512,1881.76,2.9039506172839507,595,34,-422.6,-4.55,-0.45,5,GROCERY,1220.81,3,0,0.0890756302521008,,,,,,,,0,1
266,59,505,71030,3130.2200000000003,3.1811178861788623,618,45,-439.61,-1.99,0.0,2,GROCERY,1894.82,2,0,0.0954692556634304,,,,,,,,0,1
267,26,37,7159,385.56,5.073157894736842,629,22,-33.3,-4.15,0.0,4,GROCERY,229.6,0,0,0.0413354531001589,,,,,,,,0,1
268,30,289,388,809.21,2.4746483180428136,567,19,-193.86,-11.92,-0.75,10,GROCERY,576.27,0,0,0.0529100529100529,,,,,,,,0,1
269,84,263,648,1764.76,3.5224750499002,608,46,-260.04,-0.35,-0.35,1,GROCERY,889.54,0,0,0.1381578947368421,,,,,,,,0,1
270,41,178,14693,923.46,4.439711538461538,605,27,-267.46,-10.0,0.0,6,GROCERY,398.44,0,0,0.0677685950413223,,,,,,,,0,1
271,98,224,23771,1375.52,4.0575811209439525,702,59,-229.87,-15.5,-2.4,3,GROCERY,558.09,4,0,0.1396011396011396,,,,,,,,0,1
272,7,123,10984,401.62,3.089384615384616,378,7,-72.8,-2.77,0.0,2,GROCERY,273.93,0,0,0.0185185185185185,,,,,,,,0,1
273,127,500,1006,2500.86,3.02036231884058,693,63,-288.82,-4.0,0.0,6,GROCERY,1437.41,2,0,0.1832611832611832,,,,,,,,0,2
274,15,65,71,120.07,1.792089552238806,597,12,-13.69,-1.0,0.0,4,GROCERY,57.96,0,0,0.0251256281407035,,,,,,,,0,1
275,321,708,222850,6284.99,3.1409245377311343,611,87,-1147.85,-11.32,-0.75,6,GROCERY,3050.39,3,0,0.5253682487725041,,,,,,,,1,2
276,173,836,281866,5758.71,3.596945658963148,634,74,-1226.84,-1.0,0.0,8,GROCERY,2251.26,6,1,0.2728706624605678,35-44,U,35-49K,Unknown,Single Male,1,None/Unknown,1,2
277,31,175,372,754.0500000000001,3.3813901345291484,658,21,-251.99,-5.5,-3.0,2,GROCERY,349.03000000000003,0,0,0.047112462006079,,,,,,,,0,1
278,84,450,805,2053.56,3.183813953488372,661,58,-359.26,-2.0,0.0,1,GROCERY,1234.95,3,0,0.1270801815431164,,,,,,,,0,1
279,53,358,141754,1816.62,3.232419928825623,578,35,-397.93,-15.2,-9.1,3,GROCERY,712.6,1,1,0.0916955017301038,,,,,,,,0,1
280,105,399,138689,2375.86,3.9863422818791943,697,66,-624.07,-1.0,0.0,2,GROCERY,841.87,1,0,0.1506456241032998,,,,,,,,0,1
281,79,264,12358,1495.08,2.7789591078066915,689,62,-389.92,-7.6,-0.9,5,GROCERY,889.59,5,0,0.1146589259796806,35-44,B,50-74K,Homeowner,Single Female,1,None/Unknown,0,1
282,110,722,164317,4162.56,3.3062430500397144,650,71,-560.91,-31.14,-12.55,5,GROCERY,2422.24,5,6,0.1692307692307692,45-54,U,35-49K,Unknown,Single Female,1,None/Unknown,1,2
283,78,1089,2119,6023.37,3.298669222343921,660,57,-882.32,-72.34,-1.15,5,GROCERY,2860.55,7,3,0.1181818181818181,25-34,A,50-74K,Homeowner,2 Adults No Kids,2,None/Unknown,1,2
284,21,144,14403,534.98,3.385949367088608,610,17,-64.57,0.0,0.0,7,DRUG GM,208.0,0,0,0.0344262295081967,,,,,,,,0,1
285,202,816,153437,4227.64,2.692764331210191,634,85,-927.08,-8.6,-3.9,10,GROCERY,1837.62,6,0,0.3186119873817035,,,,,,,,1,2
286,41,194,484,1245.24,4.921897233201581,646,32,-130.54,0.0,0.0,6,GROCERY,826.72,1,0,0.0634674922600619,,,,,,,,0,1
287,271,797,115622,3229.28,2.732047377326565,703,95,-512.76,-0.75,-0.25,11,GROCERY,1898.95,8,0,0.3854907539118065,,,,,,,,1,2
288,92,623,235674,3114.77,3.3384458735262594,601,58,-325.51,-0.75,-0.25,6,GROCERY,1110.8,3,0,0.1530782029950083,,,,,,,,0,1
289,183,830,683988,5970.47,3.715289359054138,584,71,-609.55,-1.6,-0.4,10,MISC SALES TRAN,1737.74,5,0,0.3133561643835616,45-54,B,100-124K,Homeowner,Single Male,1,None/Unknown,1,2
290,290,907,3848,5524.34,2.133773657782928,628,74,-1080.55,-4.0,0.0,8,GROCERY,3727.63,8,0,0.4617834394904458,25-34,U,35-49K,Unknown,2 Adults No Kids,2,None/Unknown,1,2
291,61,510,1545,2474.49,2.701408296943232,583,35,-497.56,-1.5,-0.5,4,GROCERY,1696.99,4,0,0.104631217838765,,,,,,,,0,1
292,83,282,7065,977.07,2.7065650969529087,589,46,-211.77,-7.0,0.0,7,GROCERY,577.73,0,0,0.1409168081494057,,,,,,,,0,1
293,108,775,1604,3957.66,3.123646408839779,691,61,-741.25,-1.0,0.0,5,GROCERY,1747.09,5,0,0.1562952243125904,,,,,,,,0,2
294,269,1025,17178,5411.36,2.3274666666666666,704,96,-1501.65,-65.27,-6.35,3,GROCERY,3463.93,10,10,0.3821022727272727,25-34,A,50-74K,Homeowner,2 Adults Kids,4,2,1,2
295,5,40,79,149.31,3.64170731707317,630,5,-84.78,0.0,0.0,2,GROCERY,105.4,0,0,0.0079365079365079,,,,,,,,0,1
296,12,35,35928,149.25,3.175531914893617,590,9,-15.11,0.0,0.0,2,KIOSK-GAS,82.02,0,0,0.0203389830508474,,,,,,,,0,1
297,114,751,8677,3535.62,3.01931682322801,619,55,-630.8,-6.55,-0.95,9,GROCERY,1798.26,2,0,0.1841680129240711,,,,,,,,0,1
298,7,109,123,224.86,2.062935779816514,232,4,-52.25,0.0,0.0,1,GROCERY,145.61,0,0,0.0301724137931034,,,,,,,,0,1
299,11,25,149,242.24,4.176551724137931,602,11,-11.24,0.0,0.0,3,GROCERY,196.59,0,0,0.0182724252491694,,,,,,,,0,1
300,107,990,2110,4974.31,3.2321702404158548,616,58,-883.54,-16.18,-1.45,7,GROCERY,2853.81,6,0,0.1737012987012987,55-64,A,Under 15K,Unknown,Single Female,2,None/Unknown,0,2
301,81,1273,2925,7211.68,3.012397660818713,685,60,-1211.34,-4.8,-0.8,4,GROCERY,4279.99,8,0,0.1182481751824817,35-44,A,35-49K,Homeowner,2 Adults Kids,4,2,1,2
302,95,403,11083,1797.53,3.3226062846580406,593,58,-223.35,-0.5,-0.5,7,GROCERY,878.58,1,0,0.1602023608768971,45-54,U,35-49K,Homeowner,2 Adults Kids,3,1,0,1
303,199,956,78902,4879.67,2.6929746136865345,596,77,-1273.51,-27.5,-1.4,6,GROCERY,2540.77,4,0,0.3338926174496644,,,,,,,,1,2
304,304,1711,486965,8586.28,2.9628295376121465,709,98,-1786.09,-6.5,0.0,16,GROCERY,4111.99,9,0,0.4287729196050776,25-34,U,50-74K,Unknown,2 Adults No Kids,2,None/Unknown,1,2
305,141,489,183884,3827.02,4.242815964523282,679,77,-625.13,-33.85,-2.65,6,GROCERY,2056.29,7,2,0.2076583210603829,,,,,,,,1,2
306,185,1131,333635,5716.7300000000005,2.497479248580166,611,76,-1853.09,-137.26,-35.95,6,GROCERY,2989.19,4,4,0.3027823240589198,19-24,U,35-49K,Homeowner,2 Adults Kids,4,2,1,2
307,415,336,69360,2582.03,2.51414800389484,674,97,-537.86,-5.0,0.0,18,GROCERY,1531.65,4,2,0.615727002967359,,,,,,,,1,2
308,83,463,70921,2465.26,3.447916083916084,696,50,-228.5,0.0,0.0,5,GROCERY,1320.42,1,0,0.1192528735632183,,,,,,,,0,1
309,22,292,1031,2325.59,3.375312046444122,591,21,-464.39,-6.0,-1.5,3,GROCERY,1939.51,0,0,0.0372250423011844,25-34,A,75-99K,Homeowner,Single Male,2,None/Unknown,0,1
310,9,48,8390,184.02,3.83375,627,4,-24.65,0.0,0.0,4,DRUG GM,62.080000000000005,0,0,0.0143540669856459,,,,,,,,0,1
311,51,337,73486,1351.13,2.887029914529915,682,36,-149.9,-1.0,0.0,1,GROCERY,485.79,0,0,0.0747800586510264,,,,,,,,0,1
312,40,555,1015,2578.05,2.987311703360371,608,36,-391.74,-69.95,-8.39,4,DRUG GM,1011.8,2,0,0.0657894736842105,,,,,,,,0,1
313,4,37,44,92.54,2.435263157894737,35,2,-17.330000000000002,0.0,0.0,2,GROCERY,60.01,0,0,0.1142857142857142,,,,,,,,0,1
314,41,556,1736,3004.01,2.4323967611336035,696,31,-462.75,0.0,0.0,4,GROCERY,1666.49,1,0,0.0589080459770114,45-54,U,75-99K,Homeowner,2 Adults Kids,3,1,0,1
315,11,54,86,182.19,2.8919047619047618,624,10,-32.1,-0.55,-0.45,2,GROCERY,67.23,0,0,0.0176282051282051,,,,,,,,0,1
316,53,330,9527,1037.78,2.0509486166007904,642,34,-198.63,0.0,0.0,9,GROCERY,562.6,0,0,0.0825545171339563,,,,,,,,0,1
317,61,906,2475,6083.3,3.4407805429864253,676,53,-939.78,-42.09,-14.15,4,GROCERY,3470.99,6,0,0.0902366863905325,45-54,A,75-99K,Homeowner,Single Male,2,None/Unknown,1,2
318,92,244,16688,1242.25,2.868937644341801,643,58,-173.47,-3.5,0.0,6,GROCERY,899.27,3,3,0.1430793157076205,,,,,,,,0,1
319,109,853,240446,3758.5,2.703956834532374,666,64,-828.68,-6.8,-0.7,3,GROCERY,1758.38,5,0,0.1636636636636636,45-54,U,35-49K,Homeowner,1 Adult Kids,4,3+,0,2
320,19,135,170,497.41,3.4069178082191782,601,16,-58.87,0.0,0.0,4,GROCERY,246.16,0,0,0.0316139767054908,,,,,,,,0,1
321,106,816,2303,5935.66,3.5628211284513807,630,67,-1177.04,-89.09,-30.3,8,GROCERY,3028.06,7,2,0.1682539682539682,45-54,A,100-124K,Homeowner,2 Adults No Kids,2,None/Unknown,1,2
322,71,680,13040,2418.88,2.6235140997830806,605,41,-334.39,-2.0,0.0,8,GROCERY,1309.12,3,0,0.1173553719008264,,,,,,,,0,1
323,14,52,1126,156.99,2.9072222222222224,672,12,-23.68,0.0,0.0,5,GROCERY,118.21,0,0,0.0208333333333333,,,,,,,,0,1
324,150,1173,604228,8554.87,3.611173490924441,663,76,-855.0,-45.05,-7.85,6,GROCERY,4351.76,7,1,0.2262443438914027,45-54,U,50-74K,Unknown,Single Female,1,None/Unknown,1,2
325,75,757,16447,2850.58,2.7974288518155053,627,55,-1053.81,-34.59,-12.2,6,GROCERY,1873.41,0,0,0.1196172248803827,35-44,A,75-99K,Homeowner,2 Adults Kids,4,2,0,1
326,26,123,206,739.72,4.6232500000000005,603,17,-163.91,-6.0,0.0,1,GROCERY,366.5,0,0,0.0431177446102819,,,,,,,,0,1
327,27,99,136,226.71,1.937692307692308,609,17,-46.6,0.0,0.0,5,GROCERY,131.02,0,0,0.0443349753694581,,,,,,,,0,1
328,239,2054,356334,17332.13,3.552393933183029,642,90,-1904.41,-32.0,-0.75,2,GROCERY,8193.11,6,0,0.3722741433021806,,,,,,,,1,2
329,146,586,1573,3026.71,2.148126330731015,627,88,-253.54,0.0,0.0,5,GROCERY,1529.77,6,0,0.2328548644338118,25-34,U,75-99K,Unknown,Single Female,1,None/Unknown,0,2
330,189,335,68456,1679.38,2.0233493975903616,603,65,-241.9,-3.3,-1.2,6,GROCERY,992.46,2,0,0.3134328358208955,,,,,,,,0,1
331,65,294,557,1273.3,3.175311720698254,579,39,-154.56,-0.55,-0.45,5,GROCERY,742.89,2,0,0.1122625215889464,,,,,,,,0,1
332,118,1419,2884,5519.02,2.7859767794043413,700,73,-1192.48,-4.5,0.0,10,GROCERY,3205.23,7,0,0.1685714285714285,35-44,A,125-149K,Homeowner,2 Adults Kids,5+,3+,1,2
333,39,303,718,1248.81,2.5076506024096386,629,30,-370.72,-1.35,-0.35,2,GROCERY,597.15,1,0,0.0620031796502384,,,,,,,,0,1
334,466,984,41567,4827.8,2.36078239608802,683,90,-1342.24,-86.19,-10.8,4,GROCERY,3117.28,8,6,0.6822840409956076,45-54,A,Under 15K,Homeowner,2 Adults No Kids,2,None/Unknown,1,2
335,147,475,1067,2822.18,3.622824133504493,679,74,-239.0,0.0,0.0,7,GROCERY,1179.02,3,0,0.2164948453608247,,,,,,,,0,2
336,120,448,120191,3089.74,3.5230786773090084,576,47,-340.96,-5.99,0.0,9,GROCERY,1171.75,2,0,0.2083333333333333,,,,,,,,0,1
337,61,172,31203,933.59,2.5718732782369145,621,43,-281.24,-19.15,-2.5500000000000003,4,GROCERY,579.86,1,0,0.0982286634460547,,,,,,,,0,1
338,154,563,15994,2690.97,2.51492523364486,556,64,-535.4399999999999,0.0,0.0,8,GROCERY,1031.21,3,0,0.276978417266187,,,,,,,,0,1
339,67,529,1174,1668.92,2.0131724969843185,606,48,-611.78,-6.15,-1.15,1,GROCERY,1093.66,2,0,0.1105610561056105,,,,,,,,0,1
340,29,273,490,1057.56,2.995920679886685,619,19,-212.17,0.0,0.0,3,GROCERY,612.32,0,0,0.0468497576736672,,,,,,,,0,1
341,30,140,300,393.5,2.038860103626943,531,23,-96.14,-6.19,0.0,8,DRUG GM,184.52,0,0,0.0564971751412429,,,,,,,,0,1
342,48,544,1052,2125.51,2.997898448519041,602,35,-423.56,-9.23,0.0,7,GROCERY,1195.49,2,0,0.0797342192691029,,,,,,,,0,1
343,67,347,581,1650.64,3.692706935123043,701,54,-227.66,-1.85,-0.7,3,GROCERY,1040.74,1,0,0.0955777460770328,,,,,,,,0,1
344,48,497,114780,2237.91,3.192453637660485,619,36,-339.16,-27.5,-8.8,5,GROCERY,1164.22,0,0,0.0775444264943457,,,,,,,,0,1
345,182,1344,3169,5741.08,2.1310616184112843,684,92,-1684.43,-45.95,-14.25,12,GROCERY,3467.59,9,1,0.2660818713450292,,,,,,,,1,2
346,124,541,2357,5351.41,3.2393523002421305,619,75,-889.5,-4.0,0.0,2,GROCERY,2203.94,3,1,0.2003231017770597,65+,A,50-74K,Homeowner,2 Adults No Kids,2,None/Unknown,0,2
347,15,106,179,540.76,4.828214285714286,666,11,-51.23,0.0,0.0,4,GROCERY,227.75,0,0,0.0225225225225225,,,,,,,,0,1
348,126,760,53608,2961.83,2.551102497846684,597,44,-652.05,-1.0,0.0,8,GROCERY,1306.21,1,0,0.2110552763819095,,,,,,,,0,1
349,34,235,385,869.16,2.8780132450331126,603,26,-123.57,0.0,0.0,9,GROCERY,443.83,0,0,0.0563847429519071,,,,,,,,0,1
350,103,473,297333,3083.25,4.514275256222548,689,62,-283.24,-4.1,-0.9,3,GROCERY,895.51,5,0,0.1494920174165457,45-54,A,50-74K,Homeowner,1 Adult Kids,4,2,0,1
351,296,909,56406,7659.67,3.396749445676275,615,86,-1672.72,-15.99,-5.7,4,GROCERY,2862.41,7,3,0.4813008130081301,45-54,U,50-74K,Unknown,Unknown,1,None/Unknown,1,2
352,6,53,17385,178.70000000000002,3.371698113207548,608,5,-16.97,0.0,0.0,4,GROCERY,48.63,0,0,0.0098684210526315,,,,,,,,0,1
353,125,863,1550,3799.2,3.338488576449912,582,63,-566.28,-7.5,-2.2,6,GROCERY,1690.79,3,2,0.2147766323024054,45-54,A,150-174K,Homeowner,2 Adults No Kids,2,None/Unknown,0,2
354,157,1601,3854,8729.87,2.8016270860077026,626,81,-1255.1,-127.15,-37.9,5,GROCERY,5261.59,7,3,0.2507987220447284,25-34,A,35-49K,Homeowner,2 Adults Kids,5+,3+,1,2
355,7,66,102,340.34,5.079701492537313,290,5,-69.52,0.0,0.0,2,DRUG GM,158.34,0,0,0.0241379310344827,,,,,,,,0,1
356,234,393,138060,2837.33,3.4559439707673567,622,68,-272.03,-9.5,0.0,5,DRUG GM,1371.73,1,0,0.3762057877813505,,,,,,,,0,2
357,22,537,882,1704.27,2.4139801699716714,593,20,-540.02,-5.1,-2.4,5,GROCERY,1148.17,0,0,0.0370994940978077,,,,,,,,0,1
358,371,1749,4665,12729.34,3.490359199341925,622,85,-1518.81,-9.32,-0.6000000000000001,2,GROCERY,7614.650000000001,8,0,0.5964630225080386,35-44,U,50-74K,Homeowner,2 Adults No Kids,2,None/Unknown,1,2
359,2,70,96,172.85,2.4692857142857143,20,2,-29.68,0.0,0.0,1,GROCERY,90.95,0,0,0.1,,,,,,,,0,1
360,37,163,214,447.6,2.406451612903226,605,27,-67.69,0.0,0.0,9,GROCERY,206.93,0,0,0.0611570247933884,,,,,,,,0,1
361,217,1613,4918,8747.1,2.182954829049164,707,92,-2023.46,-24.89,-2.0,7,GROCERY,4648.26,10,6,0.3069306930693069,45-54,U,50-74K,Unknown,Unknown,1,None/Unknown,1,2
362,91,543,65682,2987.49,2.5821002592912707,693,78,-412.28,-20.18,-1.4,2,GROCERY,1483.43,3,2,0.1313131313131313,65+,U,50-74K,Unknown,Single Male,1,None/Unknown,0,2
363,4,22,33,52.4,2.278260869565217,487,4,-26.48,0.0,0.0,2,GROCERY,26.63,0,0,0.0082135523613963,,,,,,,,0,1
364,86,592,12130,2566.92,3.0741556886227546,701,57,-529.07,-4.0,0.0,7,GROCERY,1462.5,5,0,0.122681883024251,,,,,,,,0,2
365,170,714,163221,7048.43,4.746417508417508,688,83,-930.54,-5.05,-0.45,16,GROCERY,2667.42,7,0,0.2470930232558139,,,,,,,,1,2
366,48,261,444,615.78,1.5628934010152284,593,33,-190.58,0.0,0.0,2,GROCERY,360.83,0,0,0.0809443507588532,,,,,,,,0,1
367,114,1102,11282,7186.37,2.7324600760456272,678,88,-2343.41,-280.08,-81.65,6,GROCERY,4515.17,9,31,0.168141592920354,55-64,A,50-74K,Homeowner,2 Adults No Kids,2,None/Unknown,1,2
368,53,232,45796,1346.46,3.7298060941828255,672,35,-237.52,-1.0,0.0,8,GROCERY,763.41,3,0,0.0788690476190476,,,,,,,,0,1
369,35,298,10625,1034.95,2.8828690807799444,633,25,-149.78,0.0,0.0,3,GROCERY,379.5,1,0,0.0552922590837282,,,,,,,,0,1
370,133,646,329146,3386.78,3.005128660159716,479,42,-508.23,-7.03,-1.5499999999999998,5,GROCERY,1349.38,1,0,0.2776617954070981,65+,U,50-74K,Unknown,2 Adults No Kids,2,None/Unknown,0,2
371,161,2079,7083,15716.54,2.77236549656024,649,87,-2715.58,-18.15,-2.15,4,GROCERY,9228.47,12,0,0.2480739599383667,35-44,A,75-99K,Homeowner,2 Adults Kids,3,1,1,2
372,10,147,9460,440.42,2.701963190184049,488,9,-102.62,-1.0,0.0,4,GROCERY,238.18,0,0,0.0204918032786885,,,,,,,,0,1
373,13,42,56,96.91,2.1067391304347827,600,11,-18.48,0.0,0.0,2,GROCERY,36.25,0,0,0.0216666666666666,,,,,,,,0,1
374,163,869,127887,7099.56,4.146939252336449,672,81,-706.89,-16.95,-0.5,3,GROCERY,2871.08,9,0,0.2425595238095238,,,,,,,,1,2
375,24,58,7657,203.94,2.3992941176470586,601,23,-76.49,-0.25,-0.25,3,GROCERY,138.84,0,0,0.0399334442595673,,,,,,,,0,1
376,493,746,2702,4714.62,1.9393747429041543,648,93,-638.78,0.0,0.0,2,GROCERY,2612.89,6,0,0.7608024691358025,,,,,,,,1,2
377,133,628,1527,3166.45,2.4660825545171337,610,70,-580.37,0.0,0.0,3,GROCERY,2059.61,5,0,0.2180327868852459,45-54,A,50-74K,Homeowner,2 Adults No Kids,2,None/Unknown,0,2
378,325,704,136919,4715.42,3.096139198949442,647,94,-637.68,-26.04,-7.05,7,GROCERY,2410.12,5,9,0.5023183925811437,55-64,A,50-74K,Homeowner,Single Female,2,None/Unknown,1,2
379,2,24,28,55.64,2.3183333333333334,589,2,-6.38,0.0,0.0,2,GROCERY,55.64,0,0,0.0033955857385398,,,,,,,,0,1
380,129,999,3914,7726.44,2.38323257248612,617,86,-1552.09,-9.25,-0.75,1,GROCERY,4666.07,7,0,0.2090761750405186,,,,,,,,1,2
381,93,782,10271,3120.79,2.8216907775768534,694,60,-448.34,-23.25,-0.75,8,GROCERY,1540.03,5,0,0.1340057636887608,25-34,B,35-49K,Homeowner,1 Adult Kids,2,1,0,2
382,34,145,39993,694.7,4.0625730994152045,620,24,-68.21,-2.5,0.0,5,GROCERY,207.62,0,0,0.0548387096774193,,,,,,,,0,1
383,150,629,193134,5763.4400000000005,3.065659574468085,618,77,-885.55,-27.15,-4.55,10,GROCERY,2912.83,4,1,0.2427184466019417,45-54,U,50-74K,Homeowner,Unknown,1,None/Unknown,1,2
384,80,777,85235,3914.84,3.641711627906977,601,54,-567.51,-8.09,-1.6,6,GROCERY,2207.35,5,0,0.1331114808652246,,,,,,,,0,2
385,41,562,50635,2929.72,3.344429223744292,665,28,-543.47,-6.6,-0.95,6,GROCERY,1505.09,0,0,0.0616541353383458,25-34,A,50-74K,Homeowner,2 Adults Kids,5+,3+,0,1
386,281,1174,115323,4676.43,1.764690566037736,671,80,-1214.72,-36.84,-12.15,14,GROCERY,2909.66,5,0,0.4187779433681073,35-44,B,25-34K,Probable Owner,Single Female,1,None/Unknown,1,2
387,131,928,1858,5697.25,3.7981666666666665,607,64,-749.52,-26.9,-5.6,19,GROCERY,3033.78,3,1,0.2158154859967051,25-34,B,50-74K,Homeowner,Single Female,1,None/Unknown,1,2
388,58,389,10063,1286.54,1.9116493313521543,605,49,-505.37,0.0,0.0,5,GROCERY,1007.52,0,0,0.0958677685950413,,,,,,,,0,1
389,271,1698,469189,14880.92,3.243443766346992,602,85,-3266.66,-103.96,-18.5,6,GROCERY,7647.48,10,22,0.4501661129568106,35-44,U,150-174K,Probable Owner,Single Female,1,None/Unknown,1,2
390,108,370,12164,1806.02,3.0819453924914675,629,68,-261.53,-2.5,0.0,3,GROCERY,878.27,3,0,0.1717011128775834,45-54,B,25-34K,Renter,Single Female,1,None/Unknown,0,1
391,49,334,596,1412.64,3.3395744680851065,528,24,-195.38,-1.8,-0.7,2,GROCERY,859.19,2,0,0.0928030303030303,65+,B,25-34K,Unknown,Single Female,1,None/Unknown,0,1
392,104,1236,3359,11443.97,3.741082052958483,634,73,-866.77,-1.75,-0.35,4,GROCERY,6030.53,8,0,0.1640378548895899,35-44,A,250K+,Homeowner,2 Adults Kids,3,1,1,2
393,180,1092,1974,3895.24,2.465341772151899,654,76,-860.0,-18.22,-0.27,2,GROCERY,2296.87,4,1,0.2752293577981651,,,,,,,,1,2
394,65,393,577,1565.89,3.022953667953668,676,50,-154.6,0.0,0.0,6,GROCERY,591.05,4,0,0.0961538461538461,,,,,,,,0,1
395,68,216,459,872.91,2.5228612716763004,668,52,-234.08,0.0,0.0,5,GROCERY,496.74,0,0,0.1017964071856287,35-44,U,25-34K,Unknown,Single Male,1,None/Unknown,0,1
396,107,351,52610,1790.73,2.9212561174551386,597,63,-276.34,-51.78,-1.9,11,GROCERY,628.09,3,0,0.1792294807370184,,,,,,,,0,2
397,248,909,394435,6161.99,3.387570093457944,602,82,-879.83,-25.95,-4.15,4,GROCERY,2741.79,5,7,0.4119601328903654,,,,,,,,1,2
398,125,568,123706,2092.6,2.717662337662337,591,58,-416.78,-1.0,-0.5,6,GROCERY,1211.41,1,0,0.2115059221658206,,,,,,,,0,1
399,17,221,29149,978.48,3.8221875,550,15,-146.18,0.0,0.0,6,GROCERY,546.71,0,0,0.0309090909090909,,,,,,,,0,1
400,310,2390,862525,18494.14,3.9534288157332194,602,85,-1797.82,-111.72,-0.65,9,GROCERY,9742.34,3,4,0.5149501661129569,35-44,A,150-174K,Homeowner,2 Adults Kids,3,1,1,2
401,96,666,1279,2538.88,2.496440511307768,699,49,-494.81,-1.3,-0.3,15,GROCERY,1296.31,0,0,0.1373390557939914,,,,,,,,0,2
402,80,388,151535,2233.84,3.704543946932007,643,49,-294.42,-3.3,-0.7,7,GROCERY,564.9,2,0,0.1244167962674961,,,,,,,,0,1
403,46,159,306,914.56,3.858902953586498,602,38,-244.71,-7.54,-0.8500000000000001,4,MEAT,385.95,1,0,0.0764119601328903,,,,,,,,0,1
404,240,900,163085,6107.18,3.499816618911175,698,98,-635.5600000000001,-0.55,-0.45,16,GROCERY,4285.65,8,0,0.3438395415472779,25-34,A,25-34K,Unknown,Unknown,2,None/Unknown,1,2
405,98,539,518293,3652.97,3.560399610136452,673,69,-798.14,-2.5,-0.5,5,KIOSK-GAS,1240.42,3,0,0.1456166419019316,,,,,,,,0,2
406,45,362,29882,1776.65,4.170539906103286,628,28,-173.51,0.0,0.0,9,GROCERY,537.55,0,0,0.071656050955414,,,,,,,,0,1
407,52,109,329,696.38,5.009928057553957,615,23,-348.43,-19.99,0.0,5,GROCERY,513.63,0,0,0.0845528455284552,,,,,,,,0,1
408,56,491,814,2470.99,3.830992248062016,618,42,-338.63,-23.25,-3.35,2,GROCERY,1367.24,4,0,0.0906148867313915,,,,,,,,0,1
409,135,1023,250249,4499.85,2.5451640271493217,687,75,-1341.97,-100.87,-34.69,10,GROCERY,2697.26,8,0,0.1965065502183406,19-24,B,25-34K,Homeowner,2 Adults No Kids,2,None/Unknown,1,2
410,129,325,728,1148.42,2.269604743083004,694,67,-449.14,-4.09,0.0,1,GROCERY,501.44,1,0,0.185878962536023,55-64,A,35-49K,Homeowner,2 Adults Kids,5+,3+,0,1
411,158,826,171710,6697.21,5.062139077853364,616,66,-1066.49,-22.09,0.0,8,GROCERY,3246.52,5,0,0.2564935064935065,35-44,U,Under 15K,Unknown,2 Adults No Kids,2,None/Unknown,1,2
412,112,697,16797,2426.3,1.829788838612368,628,68,-690.7,-19.43,-2.05,3,GROCERY,1229.46,4,4,0.1783439490445859,65+,A,15-24K,Homeowner,Single Female,2,None/Unknown,0,2
413,284,545,582744,5963.78,3.936488448844884,665,90,-556.01,-4.55,-0.45,12,GROCERY,1858.9,8,2,0.4270676691729323,45-54,U,100-124K,Unknown,Unknown,1,None/Unknown,1,2
414,153,593,63327,2488.65,2.573578076525336,677,67,-441.82,-3.1,-1.9,5,GROCERY,1430.56,4,0,0.2259970457902511,,,,,,,,0,2
415,16,77,144,514.63,5.533655913978494,577,13,-60.79,-4.0,0.0,1,GROCERY,400.61,0,0,0.0277296360485268,,,,,,,,0,1
416,29,578,1061,2177.04,2.528501742160279,507,24,-387.89,-1.55,-0.45,1,GROCERY,1309.16,0,0,0.0571992110453648,,,,,,,,0,1
417,84,840,1637,3012.96,2.457553017944535,598,52,-608.36,-5.6,-0.5,7,GROCERY,1708.77,0,0,0.1404682274247491,45-54,A,35-49K,Unknown,Single Female,2,None/Unknown,0,1
418,256,1027,350841,6960.96,3.3084410646387834,620,85,-938.97,-8.0,-1.0,13,GROCERY,4187.67,11,0,0.4129032258064516,35-44,U,35-49K,Unknown,2 Adults Kids,3,1,1,2
419,46,298,40907,1696.61,4.5002917771883295,561,32,-479.75,-11.8,-2.2,9,GROCERY,978.91,1,0,0.0819964349376114,,,,,,,,0,1
420,99,605,1000,2130.58,2.6833501259445844,685,53,-332.51,0.0,0.0,11,GROCERY,1038.09,5,0,0.1445255474452554,,,,,,,,0,2
421,194,1148,609005,6013.04,3.428187001140251,625,80,-1546.01,-116.97,-29.55,7,GROCERY,2659.36,7,1,0.3104,,,,,,,,1,2
422,20,296,534,983.32,2.926547619047619,613,15,-354.93,-14.25,-4.75,1,GROCERY,458.4,0,0,0.032626427406199,,,,,,,,0,1
423,14,101,149,230.85,1.990086206896552,511,10,-84.1,-10.0,-3.18,2,GROCERY,153.61,0,0,0.0273972602739726,,,,,,,,0,1
424,24,455,873,2441.79,4.20998275862069,584,21,-272.01,-2.3,0.0,6,GROCERY,975.36,0,0,0.0410958904109589,,,,,,,,0,1
425,151,1005,3064,5543.91,2.601553261379634,681,79,-1417.88,-1.05,-0.95,2,GROCERY,3489.97,8,0,0.2217327459618208,,,,,,,,1,2
426,228,907,1018770,7860.85,3.376653780068729,608,83,-1211.48,-52.0,-24.75,2,GROCERY,2851.21,3,11,0.375,45-54,U,50-74K,Homeowner,2 Adults No Kids,2,None/Unknown,1,2
427,53,208,407,1073.01,3.625033783783784,701,32,-119.31,-1.0,0.0,3,DRUG GM,395.82,0,0,0.0756062767475035,,,,,,,,0,1
428,95,833,2042,3361.43,2.1465070242656448,625,63,-703.79,-2.25,-0.75,7,GROCERY,2683.0,5,0,0.152,19-24,U,50-74K,Probable Owner,2 Adults No Kids,2,None/Unknown,0,2
429,43,140,248,542.89,2.887712765957447,601,33,-236.21,-3.5,0.0,3,GROCERY,242.32,0,0,0.0715474209650582,,,,,,,,0,1
430,107,557,8395,2377.09,2.7417416378316037,603,50,-411.33,-22.24,-2.3,9,GROCERY,1195.82,1,0,0.1774461028192371,,,,,,,,0,1
431,36,127,186,531.67,3.5209933774834434,618,29,-128.76,-1.0,0.0,3,GROCERY,280.87,0,0,0.058252427184466,,,,,,,,0,1
432,257,705,82879,3486.55,2.977412467976089,708,89,-475.92,-7.5,0.0,16,GROCERY,1512.58,2,0,0.3629943502824859,19-24,U,25-34K,Unknown,Single Female,1,None/Unknown,1,2
433,76,221,498,949.82,2.492965879265092,684,56,-100.69,0.0,0.0,7,GROCERY,512.74,2,0,0.1111111111111111,,,,,,,,0,1
434,117,761,5354,3778.75,2.299908703590992,634,75,-691.19,0.0,0.0,10,GROCERY,2156.22,9,0,0.1845425867507886,35-44,A,15-24K,Homeowner,2 Adults Kids,3,1,0,2
435,93,155,1183,1817.22,6.857433962264151,634,44,-1068.35,-69.38,0.0,6,GROCERY,1542.24,0,0,0.1466876971608832,,,,,,,,0,1
436,30,491,915,2318.74,3.198262068965517,580,28,-311.44,0.0,0.0,1,GROCERY,1102.28,1,0,0.0517241379310344,,,,,,,,0,1
437,90,986,226649,5915.7300000000005,3.378486579097659,699,58,-952.95,-153.65,-43.75,3,GROCERY,2387.07,8,2,0.1287553648068669,25-34,A,50-74K,Homeowner,2 Adults Kids,5+,3+,1,2
438,67,685,1888,4456.52,2.986943699731904,601,47,-890.02,-88.2,-18.3,5,GROCERY,2611.69,2,2,0.1114808652246256,35-44,A,50-74K,Probable Owner,2 Adults No Kids,2,None/Unknown,0,2
439,38,129,209,568.21,3.088097826086957,609,23,-46.5,0.0,0.0,1,GROCERY,233.85,1,0,0.0623973727422003,,,,,,,,0,1
440,6,26,30,83.88,3.1066666666666665,376,3,-10.07,0.0,0.0,3,GROCERY,24.1,0,0,0.0159574468085106,,,,,,,,0,1
441,76,240,1064,2369.9,2.8936507936507936,593,68,-287.62,-1.85,-0.35,2,GROCERY,1359.33,1,0,0.1281618887015177,45-54,B,50-74K,Homeowner,Single Female,1,None/Unknown,0,1
442,214,632,170251,3094.71,2.905830985915493,634,51,-563.43,-15.54,-1.95,9,GROCERY,1260.69,2,0,0.3375394321766561,25-34,U,15-24K,Unknown,1 Adult Kids,2,1,0,2
443,103,477,1587,2644.21,2.740113989637306,641,64,-715.35,-28.8,-6.3500000000000005,3,GROCERY,1813.55,4,2,0.1606864274570983,45-54,A,25-34K,Homeowner,2 Adults No Kids,2,None/Unknown,0,2
444,44,354,518,1261.62,3.0547699757869253,503,28,-164.69,-0.3,-0.3,6,GROCERY,674.02,0,0,0.0874751491053678,,,,,,,,0,1
445,232,483,957,2696.5,3.2924297924297923,564,72,-406.83,-8.09,-0.9,7,GROCERY,1492.8,6,0,0.4113475177304964,,,,,,,,0,2
446,30,56,66,212.05,3.4762295081967216,591,24,-8.17,0.0,0.0,1,GROCERY,116.52,0,0,0.0507614213197969,,,,,,,,0,1
447,136,366,22893,1670.44,2.831254237288136,661,57,-318.3,0.0,0.0,4,GROCERY,868.54,4,0,0.2057488653555219,,,,,,,,0,1
448,45,95,15054,493.37,4.6109345794392524,677,35,-50.23,-2.99,0.0,3,GROCERY,234.5,0,0,0.0664697193500738,,,,,,,,0,1
449,34,200,56027,827.44,3.433360995850623,606,27,-132.32,0.0,0.0,8,GROCERY,473.23,0,0,0.0561056105610561,,,,,,,,0,1
450,65,277,831,1540.45,2.081689189189189,585,53,-402.23,0.0,0.0,4,GROCERY,579.17,1,0,0.1111111111111111,,,,,,,,0,1
451,161,438,51526,2376.28,3.4893979441997067,701,76,-332.78000000000003,-1.5,0.0,8,GROCERY,749.8100000000001,3,0,0.2296718972895863,25-34,B,Under 15K,Renter,2 Adults No Kids,2,None/Unknown,0,2
452,26,261,440,786.99,2.349223880597015,582,18,-351.0,-4.0,-1.5,2,GROCERY,377.51,0,0,0.0446735395189003,,,,,,,,0,1
453,34,176,291,742.95,3.910263157894737,632,27,-82.99,0.0,0.0,4,GROCERY,423.01,0,0,0.0537974683544303,,,,,,,,0,1
454,356,1352,20776,8215.93,2.6443289346636627,700,95,-2558.83,-37.97,-11.85,9,GROCERY,5247.33,8,1,0.5085714285714286,55-64,U,35-49K,Unknown,Single Male,1,None/Unknown,1,2
455,25,270,488,1253.4,3.730357142857143,644,17,-132.52,-3.0,0.0,3,GROCERY,796.15,0,0,0.0388198757763975,,,,,,,,0,1
456,94,1023,20329,6314.03,3.966099246231156,678,70,-893.61,-25.15,-3.8,4,GROCERY,4448.7300000000005,10,0,0.1386430678466076,19-24,B,50-74K,Homeowner,2 Adults No Kids,2,None/Unknown,1,2
457,78,277,14585,718.0,1.860103626943005,618,42,-144.98,0.0,0.0,5,GROCERY,377.88,0,0,0.1262135922330097,,,,,,,,0,1
458,127,445,32063,1685.64,2.2840650406504066,594,71,-709.4,-68.79,-8.15,9,GROCERY,1148.43,5,4,0.2138047138047138,55-64,A,35-49K,Homeowner,Single Female,2,None/Unknown,0,2
459,67,142,360,1194.94,3.854645161290323,665,56,-90.41,-5.85,-0.5,4,DRUG GM,662.1999999999999,2,0,0.1007518796992481,,,,,,,,0,1
460,113,220,50391,760.45,2.204202898550725,628,62,-142.3,-6.15,-1.55,10,GROCERY,260.65,4,1,0.179936305732484,65+,B,25-34K,Homeowner,Single Female,1,None/Unknown,0,2
461,39,221,33086,664.8,2.201324503311258,608,29,-192.94,-3.5,0.0,5,GROCERY,320.13,0,0,0.0641447368421052,,,,,,,,0,1
462,97,440,679,1510.63,2.595584192439863,656,65,-267.72,-2.5,-1.3,3,GROCERY,841.84,1,0,0.1478658536585365,65+,U,100-124K,Unknown,Single Male,1,None/Unknown,0,1
463,587,544,513790,5803.3,4.184066330209085,618,89,-1216.96,-28.84,-2.5,2,GROCERY,2104.71,4,1,0.9498381877022654,,,,,,,,1,2
464,173,858,101486,3590.49,2.444172906739279,644,82,-1202.2,-165.2,-60.17,6,GROCERY,2353.68,10,10,0.2686335403726708,65+,A,50-74K,Homeowner,2 Adults No Kids,2,None/Unknown,1,2
465,44,157,211,382.55,2.1735795454545457,620,35,-66.42,0.0,0.0,4,GROCERY,217.67,0,0,0.0709677419354838,,,,,,,,0,1
466,17,110,135,423.32,3.587457627118644,571,15,-57.11,0.0,0.0,6,GROCERY,145.54,0,0,0.0297723292469352,,,,,,,,0,1
467,145,651,1190,2642.99,3.195876662636034,698,68,-535.04,-4.98,0.0,11,GROCERY,1295.32,7,0,0.2077363896848137,,,,,,,,0,2
468,334,1042,17358,5835.68,3.124025695931478,657,91,-888.69,-43.75,-1.25,7,GROCERY,2899.64,7,0,0.5083713850837138,,,,,,,,1,2
469,165,1299,126924,7748.49,2.922855526216522,652,74,-1190.12,-81.78,-30.18,16,GROCERY,4037.15,6,5,0.2530674846625766,45-54,U,75-99K,Probable Owner,Single Female,1,None/Unknown,1,2
470,156,337,94301,2305.0,3.394698085419735,696,91,-153.82,-4.5,-1.5,2,SPIRITS,1086.89,6,0,0.2241379310344827,,,,,,,,0,2
471,51,358,7476,1530.12,3.0602400000000003,653,34,-367.65,-10.9,-2.3,3,GROCERY,823.57,0,0,0.0781010719754977,,,,,,,,0,1
472,96,1308,2773,8295.58,3.603640312771503,615,59,-1314.74,-54.72,-4.05,5,GROCERY,4864.14,8,11,0.1560975609756097,,,,,,,,1,2
473,70,507,259608,3208.71,3.506786885245902,628,50,-678.21,-5.0,0.0,1,GROCERY,1821.31,2,3,0.1114649681528662,45-54,U,50-74K,Homeowner,Unknown,1,None/Unknown,0,1
474,36,590,1111,2102.36,2.5057926102502983,707,25,-590.37,-1.05,-0.95,4,GROCERY,1342.13,0,0,0.0509193776520509,,,,,,,,0,1
475,41,447,670,1525.02,2.7183957219251336,669,36,-269.35,-4.3,-0.7,3,GROCERY,897.76,1,0,0.0612855007473841,,,,,,,,0,1
476,29,403,690,1551.27,2.878051948051948,613,22,-240.29,-0.75,-0.25,2,GROCERY,1148.2,1,0,0.0473083197389885,,,,,,,,0,1
477,65,261,81003,812.28,2.4319760479041914,641,38,-163.66,0.0,0.0,9,GROCERY,332.18,0,0,0.1014040561622464,,,,,,,,0,1
478,20,42,21988,286.02,5.1075,565,16,-29.23,0.0,0.0,2,GROCERY,78.29,0,0,0.0353982300884955,,,,,,,,0,1
479,185,546,1032,1773.3,2.208343711083437,610,53,-396.22,-13.65,-5.55,2,GROCERY,1051.74,2,0,0.3032786885245901,,,,,,,,0,1
480,92,783,265413,3646.39,3.1790671316477765,671,55,-755.18,-14.54,-3.05,8,GROCERY,1619.27,4,0,0.1371087928464977,,,,,,,,0,2
481,49,535,1033,2055.92,2.553937888198758,653,33,-421.62,-11.25,-0.25,3,GROCERY,1123.47,1,0,0.0750382848392036,,,,,,,,0,1
482,61,522,3709,1848.52,2.706471449487555,637,39,-418.3,0.0,0.0,11,GROCERY,918.92,1,0,0.0957613814756671,,,,,,,,0,1
483,98,612,1357,2718.99,3.2025795053003536,679,64,-810.78,-13.95,0.0,4,GROCERY,1603.64,3,0,0.1443298969072164,45-54,U,35-49K,Unknown,Single Female,1,None/Unknown,0,2
484,137,778,15122,2964.51,2.5165619694397283,674,71,-501.67,-17.44,0.0,7,GROCERY,1830.89,3,2,0.2032640949554896,25-34,U,15-24K,Unknown,2 Adults No Kids,2,None/Unknown,0,2
485,162,728,684197,5431.01,3.5966953642384105,593,77,-1441.75,-62.79,-6.05,3,GROCERY,2212.28,2,2,0.2731871838111298,35-44,U,25-34K,Homeowner,Single Male,1,None/Unknown,1,2
486,29,379,46389,922.39,2.2119664268585133,594,16,-128.42000000000002,-0.55,0.0,2,GROCERY,511.76,0,0,0.0488215488215488,,,,,,,,0,1
487,9,39,41,133.68,3.342,568,9,-22.04,0.0,0.0,2,GROCERY,74.83,0,0,0.0158450704225352,,,,,,,,0,1
488,20,138,211,406.96,2.2862921348314607,592,16,-48.27,0.0,0.0,3,GROCERY,129.07,0,0,0.0337837837837837,,,,,,,,0,1
489,212,886,531685,5866.56,3.412774869109948,624,77,-779.0,-0.5,-0.5,11,GROCERY,2261.82,6,0,0.3397435897435897,55-64,U,150-174K,Unknown,Single Female,1,None/Unknown,1,2
490,80,748,17576,3886.87,3.013077519379845,658,49,-1287.3,-206.5,-82.55,8,GROCERY,2800.48,5,7,0.121580547112462,35-44,A,75-99K,Homeowner,2 Adults Kids,5+,3+,1,2
491,124,773,318226,4835.71,4.249305799648506,642,70,-535.33,-3.59,0.0,6,GROCERY,1437.93,5,0,0.1931464174454828,45-54,A,75-99K,Unknown,Single Female,2,None/Unknown,0,2
492,117,972,477876,7148.28,3.4466152362584377,515,69,-1433.21,-87.86,-13.8,3,GROCERY,4322.21,8,3,0.2271844660194174,45-54,U,50-74K,Homeowner,2 Adults No Kids,2,None/Unknown,1,2
493,196,677,217235,4925.56,2.8324094307073038,633,75,-752.91,-17.75,-11.95,3,GROCERY,2997.3,5,0,0.3096366508688783,55-64,U,50-74K,Unknown,Unknown,1,None/Unknown,1,2
494,1,4,5,8.17,2.0425,0,1,-0.25,0.0,0.0,1,DRUG GM,6.43,0,0,0.1244239631336405,,,,,,,,0,1
495,73,609,1313,3050.52,3.4665,621,52,-1065.74,-5.85,-1.35,2,GROCERY,1652.02,6,0,0.1175523349436392,,,,,,,,0,2
496,13,114,210,648.4,5.271544715447154,538,10,-106.12,0.0,0.0,2,GROCERY,207.9,0,0,0.0241635687732342,,,,,,,,0,1
497,63,276,413,766.4,2.3581538461538463,595,38,-164.89,-2.2,-1.5,7,GROCERY,563.2,0,0,0.1058823529411764,,,,,,,,0,1
498,58,297,3602,904.18,2.385699208443272,661,33,-143.53,0.0,0.0,4,GROCERY,493.32,1,0,0.0877458396369137,,,,,,,,0,1
499,70,225,355,753.36,2.6809964412811387,504,20,-119.88,0.0,0.0,1,GROCERY,405.25,0,0,0.1388888888888889,,,,,,,,0,1
500,5,33,58,84.82000000000001,2.4234285714285715,435,4,-6.78,0.0,0.0,1,DRUG GM,29.74,0,0,0.0114942528735632,,,,,,,,0,1
501,22,134,184,478.13,3.252585034013605,652,16,-113.8,-4.5,-0.5,5,GROCERY,209.5,0,0,0.0337423312883435,,,,,,,,0,1
502,57,589,1271,2298.84,2.6034428086070216,589,35,-468.48,-1.0,0.0,6,GROCERY,1290.61,1,0,0.0967741935483871,,,,,,,,0,1
503,151,1181,8644,4723.8,2.552025931928687,619,77,-781.14,-12.92,-0.35,9,GROCERY,2694.67,6,3,0.2439418416801292,,,,,,,,1,2
504,7,193,355,516.34,2.187881355932204,590,7,-158.15,0.0,0.0,2,GROCERY,338.19,0,0,0.011864406779661,,,,,,,,0,1
505,18,43,74,188.54,3.5573584905660374,589,16,-49.19,0.0,0.0,6,GROCERY,131.37,0,0,0.030560271646859,,,,,,,,0,1
506,32,340,57199,1254.17,3.2660677083333334,658,24,-164.9,0.0,0.0,9,GROCERY,677.17,0,0,0.0486322188449848,,,,,,,,0,1
507,66,388,35684,1455.43,2.612980251346499,623,49,-335.54,-4.99,0.0,8,GROCERY,933.8,1,0,0.1059390048154093,,,,,,,,0,1
508,55,290,506,1190.51,3.044782608695652,579,38,-250.89,0.0,0.0,3,GROCERY,591.63,1,0,0.0949913644214162,,,,,,,,0,1
509,16,51,87,277.14,4.075588235294117,538,14,-19.41,0.0,0.0,2,PRODUCE,93.38,0,0,0.0297397769516728,,,,,,,,0,1
510,346,1667,378051,7903.36,2.5577216828478964,623,88,-1204.1,-35.09,-2.45,20,GROCERY,4037.38,11,0,0.5553772070626003,35-44,A,250K+,Homeowner,2 Adults Kids,3,1,1,2
511,373,637,299378,5425.53,3.206578014184397,689,97,-1166.35,-20.72,0.0,4,GROCERY,2392.71,6,0,0.5413642960812772,,,,,,,,1,2
512,25,341,25337,1114.44,2.029945355191257,610,18,-288.57,-1.4,-0.4,3,GROCERY,551.31,0,0,0.040983606557377,,,,,,,,0,1
513,161,901,12100,12130.01,5.597604983848639,684,92,-2615.77,-116.2,-1.2,6,GROCERY,4793.85,6,0,0.2353801169590643,45-54,U,75-99K,Homeowner,2 Adults No Kids,2,None/Unknown,1,2
514,66,339,27156,2339.27,2.419100310237849,608,53,-247.12,0.0,0.0,4,GROCERY,914.02,2,0,0.1085526315789473,,,,,,,,0,1
515,47,552,1026,1826.73,2.580127118644068,647,34,-384.32,-2.0,0.0,6,GROCERY,1125.92,3,0,0.0726429675425038,,,,,,,,0,1
516,17,81,104,295.23,3.317191011235955,624,15,-33.28,0.0,0.0,3,GROCERY,157.82,0,0,0.0272435897435897,,,,,,,,0,1
517,105,918,110801,3742.89,2.896973684210526,633,62,-557.46,-1.55,-0.45,9,GROCERY,2002.78,7,0,0.1658767772511848,,,,,,,,0,2
518,153,1074,23032,4926.37,2.7506253489670573,616,79,-1111.04,-131.34,-24.75,6,GROCERY,2918.9,5,5,0.2483766233766234,45-54,A,75-99K,Homeowner,2 Adults No Kids,2,None/Unknown,1,2
519,32,256,348,819.13,2.5678056426332287,652,28,-219.61,-9.95,-5.35,5,GROCERY,491.03,1,0,0.0490797546012269,,,,,,,,0,1
520,112,494,4862,2071.15,2.2033510638297877,647,65,-601.97,-5.05,-0.45,12,GROCERY,1292.37,1,0,0.1731066460587326,,,,,,,,0,2
521,53,239,382,858.8,2.931058020477816,672,40,-105.84,0.0,0.0,8,GROCERY,279.35,0,0,0.0788690476190476,,,,,,,,0,1
522,3,8,7,29.34,3.6675,414,3,-0.29,0.0,0.0,2,DRUG GM,14.58,0,0,0.0072463768115942,,,,,,,,0,1
523,277,796,441035,5731.87,3.0151867438190427,628,67,-598.06,-42.27,-5.75,9,GROCERY,3007.6,2,1,0.4410828025477707,65+,B,35-49K,Homeowner,Single Male,1,None/Unknown,1,2
524,72,441,7602,1984.58,2.5508740359897173,578,52,-666.72,-12.55,-0.45,4,GROCERY,635.82,5,0,0.1245674740484429,,,,,,,,0,1
525,40,242,385,902.77,2.89349358974359,575,31,-158.36,-25.61,-0.45,5,GROCERY,401.69,0,0,0.0695652173913043,,,,,,,,0,1
526,183,967,301231,4574.92,3.249232954545455,606,78,-605.23,-7.35,-1.65,7,GROCERY,2469.54,8,0,0.3019801980198019,45-54,U,50-74K,Unknown,Unknown,1,None/Unknown,1,2
527,130,410,1411,3581.52,2.9404926108374383,599,84,-725.35,-8.5,0.0,3,GROCERY,2294.98,3,0,0.2170283806343906,45-54,U,50-74K,Homeowner,Single Female,1,None/Unknown,0,2
528,17,125,176,373.83,2.6702142857142857,700,14,-40.0,0.0,0.0,8,GROCERY,211.39,0,0,0.0242857142857142,,,,,,,,0,1
529,56,511,968,1831.14,2.5827080394922426,687,40,-388.24,-2.5,0.0,4,GROCERY,1245.59,2,0,0.081513828238719,,,,,,,,0,1
530,53,377,6251,1476.22,3.3780778032036616,644,38,-167.05,-2.75,-0.75,1,GROCERY,739.27,1,0,0.0822981366459627,,,,,,,,0,1
531,40,231,451,1060.64,2.913846153846154,597,29,-318.73,-6.94,0.0,1,GROCERY,591.54,0,0,0.067001675041876,,,,,,,,0,1
532,23,102,155,401.88,3.494608695652174,534,11,-38.7,0.0,0.0,6,GROCERY,266.95,0,0,0.0430711610486891,,,,,,,,0,1
533,64,576,1364,2792.87,2.767958374628345,639,47,-513.7,-7.0,0.0,1,GROCERY,1606.7,2,0,0.1001564945226917,,,,,,,,0,1
534,465,440,25829,1315.44,1.345030674846626,598,86,-178.11,-0.7,-0.3,18,GROCERY,744.07,3,0,0.7775919732441472,45-54,U,35-49K,Unknown,Single Male,1,None/Unknown,1,2
535,34,311,529,1308.76,3.4715119363395224,579,25,-526.1,-16.61,0.0,4,GROCERY,608.14,0,0,0.0587219343696027,,,,,,,,0,1
536,87,500,4423,1557.13,2.22129814550642,702,57,-443.5,-7.25,-1.75,5,GROCERY,1010.87,4,0,0.1239316239316239,,,,,,,,0,1
537,45,322,498,1411.25,3.5818527918781724,558,31,-197.05,-1.0,0.0,3,GROCERY,636.96,1,0,0.0806451612903225,,,,,,,,0,1
538,69,777,28162,4382.21,3.2998569277108434,650,51,-552.72,-2.74,-0.25,9,GROCERY,2542.98,3,0,0.1061538461538461,,,,,,,,0,2
539,65,208,121909,1269.09,3.8110810810810807,656,31,-309.08,-11.93,-3.5500000000000003,3,GROCERY,528.74,0,0,0.0990853658536585,,,,,,,,0,1
540,93,503,81688,3280.73,3.399720207253886,582,55,-434.42,-14.6,-1.6,7,GROCERY,1415.66,2,0,0.1597938144329896,25-34,B,50-74K,Homeowner,Single Female,1,None/Unknown,0,1
541,47,470,30803,1784.19,2.809748031496063,640,36,-388.38,0.0,0.0,5,GROCERY,984.53,1,0,0.0734375,,,,,,,,0,1
542,123,595,95625,2313.52,2.5820535714285717,636,74,-541.54,-3.1,-2.1,2,GROCERY,1366.12,2,0,0.1933962264150943,25-34,U,35-49K,Unknown,Single Female,1,None/Unknown,0,1
543,104,394,1997,3697.55,2.8204042715484365,644,82,-475.36,-1.69,0.0,3,GROCERY,2526.73,4,0,0.1614906832298136,35-44,A,35-49K,Probable Owner,1 Adult Kids,3,1,0,2
544,131,528,14764,1594.85,2.461188271604938,660,52,-303.96,-1.75,-0.25,6,GROCERY,793.86,3,0,0.1984848484848485,,,,,,,,0,1
545,56,694,16574,2660.28,2.021489361702128,617,50,-463.08,-15.5,-2.5,3,GROCERY,1601.96,3,7,0.0907617504051863,,,,,,,,0,2
546,122,381,240539,3339.0,3.869061413673233,527,64,-828.22,-19.38,-0.25,4,GROCERY,1924.97,3,2,0.2314990512333966,45-54,U,50-74K,Unknown,2 Adults No Kids,2,None/Unknown,0,2
547,55,548,6705,1676.76,2.3953714285714285,612,34,-354.83,-15.5,0.0,6,GROCERY,1029.27,0,0,0.0898692810457516,,,,,,,,0,1
548,93,939,50085,4255.83,2.881401489505755,597,64,-882.22,-8.2,-1.2,5,GROCERY,2141.62,5,0,0.1557788944723618,35-44,B,75-99K,Homeowner,2 Adults No Kids,2,None/Unknown,0,2
549,98,343,956,2299.35,3.950773195876288,594,30,-369.25,-0.35,-0.35,2,GROCERY,1203.63,1,0,0.1649831649831649,,,,,,,,0,1
550,39,206,424,854.91,2.622423312883436,667,31,-194.58,0.0,0.0,5,GROCERY,317.19,0,0,0.0584707646176911,,,,,,,,0,1
551,52,216,354,853.65,2.8839527027027025,687,41,-239.76,0.0,0.0,4,GROCERY,365.04,0,0,0.0756914119359534,,,,,,,,0,1
552,44,539,1305,2289.47,2.781859052247873,652,36,-679.07,-3.29,0.0,2,GROCERY,1350.77,0,0,0.0674846625766871,,,,,,,,0,1
553,265,1460,86504,7259.09,2.684574704142012,616,87,-1125.02,-11.68,-1.2,8,GROCERY,4051.77,8,0,0.4301948051948052,45-54,U,75-99K,Homeowner,2 Adults No Kids,2,None/Unknown,1,2
554,21,396,596,1524.33,3.098231707317073,642,17,-166.79,-8.5,-0.5,3,GROCERY,698.55,0,0,0.0327102803738317,,,,,,,,0,1
555,21,108,187,561.03,4.282671755725191,557,16,-63.14,0.0,0.0,4,DRUG GM,189.51,0,0,0.03770197486535,,,,,,,,0,1
556,15,147,103601,693.86,4.391518987341772,640,13,-111.04,-13.74,-4.35,3,GROCERY,247.74,0,0,0.0234375,,,,,,,,0,1
557,29,222,10402,718.46,2.7847286821705426,634,26,-115.73,0.0,0.0,2,GROCERY,342.51,0,0,0.0457413249211356,,,,,,,,0,1
558,115,493,1075,2426.35,2.5380230125523013,596,62,-370.15,0.0,0.0,1,GROCERY,1449.38,4,0,0.1929530201342282,,,,,,,,0,1
559,27,80,102,249.34,2.833409090909091,411,18,-140.88,0.0,0.0,2,GROCERY,108.75,0,0,0.0656934306569343,,,,,,,,0,1
560,326,1378,443519,7290.9,3.123778920308483,696,100,-984.36,-13.64,-3.15,5,GROCERY,3523.32,8,3,0.4683908045977011,19-24,U,35-49K,Unknown,2 Adults No Kids,2,None/Unknown,1,2
561,26,285,29819,1404.36,3.765040214477212,650,22,-276.85,0.0,0.0,8,GROCERY,562.19,0,0,0.04,,,,,,,,0,1
562,79,475,31356,3178.11,4.4511344537815125,661,60,-600.64,-10.32,0.0,4,GROCERY,1936.83,2,0,0.1195158850226928,,,,,,,,0,1
563,72,614,146907,2488.77,2.9557838479809977,643,43,-407.26,-25.33,-0.25,5,GROCERY,1133.19,1,0,0.1119751166407465,,,,,,,,0,1
564,52,228,26544,842.45,3.278015564202335,641,40,-114.36,0.0,0.0,8,GROCERY,409.06,0,0,0.0811232449297972,,,,,,,,0,1
565,21,122,165,498.06,3.716865671641791,629,19,-47.04,0.0,0.0,2,GROCERY,171.62,0,0,0.0333863275039745,,,,,,,,0,1
566,146,345,61245,1218.08,2.485877551020408,629,45,-215.63,-2.59,-0.5,6,GROCERY,526.94,1,0,0.232114467408585,,,,,,,,0,1
567,254,612,25432,3134.9,2.493953858392999,678,91,-610.53,-0.4,-0.4,6,GROCERY,1581.13,4,0,0.3746312684365782,19-24,U,25-34K,Unknown,Single Male,1,None/Unknown,0,2
568,180,1382,4351,8612.85,2.9607597112409763,706,71,-1292.2,-4.05,-0.45,7,GROCERY,4899.83,7,0,0.254957507082153,,,,,,,,1,2
569,102,962,66819,6749.1900000000005,4.135533088235294,643,66,-490.72,-4.59,-1.9,5,GROCERY,2805.33,7,0,0.1586314152410575,35-44,A,250K+,Homeowner,2 Adults Kids,3,1,1,2
570,35,303,597,1400.11,3.6366493506493502,621,27,-436.14,-2.5,0.0,4,GROCERY,609.8100000000001,1,0,0.0563607085346215,,,,,,,,0,1
571,16,271,13449,1114.16,3.4601242236024845,575,14,-121.56,-3.0,0.0,3,GROCERY,442.52,0,0,0.0278260869565217,,,,,,,,0,1
572,45,282,3356,903.15,2.454211956521739,426,9,-175.89,0.0,0.0,9,GROCERY,385.91,2,0,0.1056338028169014,,,,,,,,0,1
573,102,532,100078,3111.55,3.647772567409144,600,67,-476.7,-12.7,-0.8,5,GROCERY,1627.08,3,3,0.17,,,,,,,,0,2
574,120,1132,180763,6753.54,2.685304174950298,623,79,-1650.52,-509.83,-102.3,7,GROCERY,3676.49,9,22,0.1926163723916533,35-44,A,75-99K,Homeowner,2 Adults Kids,3,1,1,2
575,356,1665,353578,11771.13,2.8460178916827856,707,100,-1698.71,-6.15,-1.25,7,GROCERY,6941.22,9,0,0.5035360678925035,35-44,U,50-74K,Unknown,Single Female,1,None/Unknown,1,2
576,167,718,35350,3750.12,3.2024935952177627,632,70,-502.9,-2.5,-0.5,11,GROCERY,1678.79,9,0,0.2642405063291139,55-64,A,35-49K,Homeowner,Single Male,2,None/Unknown,1,2
577,39,807,1585,4399.53,3.2468856088560885,594,34,-472.5,-27.38,-6.7,6,GROCERY,2393.56,1,1,0.0656565656565656,,,,,,,,0,1
578,117,696,16019,2996.69,3.205016042780749,614,64,-443.93,-6.35,-0.35,7,GROCERY,1392.5,3,0,0.1905537459283387,25-34,U,50-74K,Unknown,Single Male,1,None/Unknown,0,1
579,23,111,13547,435.26,3.043776223776224,644,22,-183.08,-2.5,0.0,3,GROCERY,176.44,0,0,0.0357142857142857,,,,,,,,0,1
580,98,173,7546,1337.7,3.9,664,70,-168.79,-7.25,-4.15,7,GROCERY,1023.33,2,0,0.1475903614457831,,,,,,,,0,1
581,146,936,19216,5060.44,3.5486956521739126,650,64,-1250.01,-7.0,0.0,8,GROCERY,3662.01,3,1,0.2246153846153846,,,,,,,,1,2
582,142,822,110458,5137.74,4.410077253218884,609,73,-702.31,-5.0,0.0,2,GROCERY,2826.82,3,0,0.2331691297208538,45-54,A,125-149K,Homeowner,Unknown,3,1,0,2
583,156,629,1243,3063.34,3.6039294117647054,657,65,-499.08,0.0,0.0,2,GROCERY,1421.44,6,0,0.2374429223744292,35-44,B,15-24K,Unknown,Single Female,1,None/Unknown,0,2
584,56,167,119873,1098.3,5.1322429906542055,449,30,-106.27,-2.0,0.0,3,DRUG GM,329.05,1,0,0.1247216035634743,,,,,,,,0,1
585,42,235,14218,805.07,2.9707380073800738,686,31,-281.73,-2.65,-1.35,4,GROCERY,381.49,0,0,0.0612244897959183,,,,,,,,0,1
586,211,1063,236900,5822.64,2.9481721518987345,659,85,-865.19,-13.55,-0.95,11,GROCERY,2811.43,8,0,0.3201820940819423,19-24,A,35-49K,Renter,2 Adults Kids,3,1,1,2
587,27,92,7997,247.93,2.137327586206897,655,21,-58.41,-1.0,0.0,2,GROCERY,149.62,0,0,0.0412213740458015,,,,,,,,0,1
588,262,1456,726704,9540.54,2.979556527170519,682,85,-1238.6,-74.48,-13.6,9,GROCERY,3728.3,10,22,0.3841642228739003,35-44,A,50-74K,Homeowner,2 Adults Kids,5+,3+,1,2
589,17,93,139,298.97,2.768240740740741,609,14,-69.36,-3.05,-0.45,2,GROCERY,203.55,0,0,0.0279146141215106,,,,,,,,0,1
590,134,589,1549,3338.41,2.7207905460472697,678,57,-680.76,-2.5,0.0,5,GROCERY,1698.78,0,0,0.1976401179941003,,,,,,,,0,1
591,325,1733,90688,13534.93,3.450147846036197,660,88,-2196.55,-29.07,-2.85,11,GROCERY,7381.2,8,0,0.4924242424242424,,,,,,,,1,2
592,34,220,313,660.79,2.5415,628,29,-155.04,-6.24,-1.3,6,GROCERY,422.25,0,0,0.054140127388535,,,,,,,,0,1
593,57,226,14547,646.4,2.039116719242902,688,40,-116.98,0.0,0.0,3,GROCERY,404.55,0,0,0.0828488372093023,35-44,U,35-49K,Unknown,Single Male,1,None/Unknown,0,1
594,104,600,38297,2421.39,3.0004832713754643,607,53,-757.34,-8.0,0.0,14,GROCERY,1213.55,3,0,0.171334431630972,,,,,,,,0,2
595,146,676,1155,2373.74,2.588593238822247,641,75,-560.52,-16.28,-0.5,3,GROCERY,1118.62,5,0,0.2277691107644305,25-34,U,35-49K,Unknown,2 Adults Kids,3,1,0,2
596,113,456,5583,2996.37,3.708378712871287,658,69,-345.12,0.0,0.0,11,GROCERY,1458.53,4,1,0.1717325227963526,45-54,A,15-24K,Homeowner,1 Adult Kids,3,1,0,2
597,100,984,1874,3826.25,2.392901813633521,668,59,-663.75,-3.74,0.0,8,GROCERY,2370.1,3,0,0.1497005988023952,19-24,U,Under 15K,Unknown,1 Adult Kids,2,1,0,2
598,213,551,83532,3354.9,3.0722527472527474,650,84,-528.01,-21.95,-5.75,10,GROCERY,2017.95,7,0,0.3276923076923076,35-44,B,25-34K,Unknown,Single Female,1,None/Unknown,1,2
599,5,116,143,357.78000000000003,2.9087804878048784,599,5,-37.25,0.0,0.0,1,GROCERY,213.15,0,0,0.008347245409015,,,,,,,,0,1
600,166,766,324946,5520.3,4.0441758241758246,656,66,-1365.28,-169.28,-30.45,13,GROCERY,2529.92,7,4,0.2530487804878049,,,,,,,,1,2
601,79,880,225665,5241.27,3.471039735099338,668,55,-768.53,-9.82,0.0,9,GROCERY,2932.01,6,0,0.1182634730538922,35-44,A,100-124K,Homeowner,2 Adults Kids,4,2,0,2
602,53,347,145602,1850.07,3.4710506566604127,640,28,-282.5,-2.39,0.0,3,GROCERY,824.21,0,0,0.0828125,,,,,,,,0,1
603,182,760,239358,3219.5,2.4784449576597383,680,65,-612.92,-12.0,0.0,9,GROCERY,1456.37,5,0,0.2676470588235294,,,,,,,,0,2
604,56,356,919,2311.65,2.8895625000000003,700,50,-290.55,0.0,0.0,2,GROCERY,1257.99,1,0,0.08,,,,,,,,0,1
605,128,948,470343,5856.38,2.963755060728745,659,67,-837.13,-115.8,-13.6,10,GROCERY,2598.96,6,7,0.1942336874051593,25-34,A,75-99K,Homeowner,2 Adults Kids,4,2,1,2
606,97,762,29294,3323.12,2.857368873602752,669,62,-465.01,0.0,0.0,7,GROCERY,1974.35,3,0,0.1449925261584454,45-54,U,35-49K,Probable Renter,Unknown,1,None/Unknown,0,2
607,216,738,152779,3203.01,2.3159869848156185,660,53,-1109.23,-16.28,-1.8,18,GROCERY,1842.37,3,0,0.3272727272727272,45-54,U,125-149K,Unknown,Unknown,1,None/Unknown,1,2
608,217,795,2119,5148.9800000000005,3.224157795867252,615,84,-653.42,-9.85,-0.6,12,GROCERY,2330.23,7,0,0.3528455284552845,25-34,B,25-34K,Renter,1 Adult Kids,5+,3+,1,2
609,162,421,55430,1665.89,2.171955671447197,685,73,-358.37,-21.44,0.0,7,GROCERY,1002.87,4,0,0.2364963503649635,45-54,U,50-74K,Unknown,Unknown,1,None/Unknown,0,2
610,24,212,375,573.0600000000001,2.247294117647059,568,18,-144.61,-2.0,-2.0,6,GROCERY,418.43,0,0,0.0422535211267605,,,,,,,,0,1
611,73,393,280680,2316.24,4.049370629370629,627,51,-567.57,-11.7,-0.7,9,GROCERY,1108.52,0,0,0.1164274322169059,,,,,,,,0,1
612,144,635,214884,3978.72,2.923379867744306,623,73,-674.73,-1.25,0.0,3,GROCERY,2395.38,3,0,0.2311396468699839,,,,,,,,0,2
613,11,141,229,347.31,1.9960344827586207,682,8,-108.5,0.0,0.0,4,GROCERY,239.09,0,0,0.0161290322580645,,,,,,,,0,1
614,122,511,1621,2757.24,1.9765161290322584,703,70,-617.73,-10.85,-2.15,2,GROCERY,1775.37,6,0,0.1735419630156472,35-44,A,15-24K,Unknown,2 Adults Kids,4,2,0,2
615,24,95,38621,346.4,3.03859649122807,481,21,-94.99,0.0,0.0,5,GROCERY,102.28,0,0,0.0498960498960499,,,,,,,,0,1
616,10,209,294,476.14,2.1068141592920355,673,9,-163.92,-1.0,0.0,3,GROCERY,305.4,0,0,0.0148588410104011,,,,,,,,0,1
617,27,363,597,1315.54,2.554446601941748,672,25,-231.09,-1.0,0.0,2,GROCERY,779.89,0,0,0.0401785714285714,,,,,,,,0,1
618,544,1039,730611,7343.87,3.5138133971291867,593,82,-983.96,-32.57,-2.5,8,GROCERY,2901.81,6,0,0.9173693086003372,,,,,,,,1,2
619,5,50,75,168.98000000000002,3.3796000000000004,547,5,-37.63,0.0,0.0,3,GROCERY,118.23,0,0,0.0091407678244972,,,,,,,,0,1
620,19,99,18285,304.98,2.850280373831776,469,16,-47.29,-7.9,-2.89,7,GROCERY,102.44,0,0,0.0405117270788912,,,,,,,,0,1
621,142,452,1220,3179.15,3.1229371316306485,617,74,-432.99,-1.65,-1.35,24,GROCERY,1486.57,2,0,0.2301458670988654,45-54,U,35-49K,Unknown,Single Male,1,None/Unknown,0,2
622,147,525,4706,2384.37,3.248460490463215,592,71,-365.77,-6.7,-0.8500000000000001,11,GROCERY,1370.71,5,0,0.2483108108108108,35-44,U,15-24K,Unknown,Single Female,1,None/Unknown,0,2
623,124,579,114011,3899.16,3.990951893551689,602,63,-945.93,-6.0,0.0,8,GROCERY,2356.56,5,0,0.2059800664451827,45-54,A,35-49K,Homeowner,2 Adults Kids,3,1,0,2
624,160,956,287307,6003.47,3.0583138053998984,679,78,-1567.01,-5.85,-0.75,4,GROCERY,3410.76,5,0,0.235640648011782,45-54,U,50-74K,Unknown,Unknown,1,None/Unknown,1,2
625,34,395,3498,1233.92,2.203428571428572,599,30,-324.37,-27.82,-8.55,3,GROCERY,591.14,0,0,0.0567612687813021,,,,,,,,0,1
626,25,260,650,649.33,1.8552285714285717,687,20,-128.6,0.0,0.0,6,GROCERY,425.49,0,0,0.0363901018922852,,,,,,,,0,1
627,45,318,41370,1785.46,4.039502262443439,621,33,-172.09,-1.6,-0.4,5,GROCERY,770.95,0,0,0.072463768115942,,,,,,,,0,1
628,18,267,358,1147.99,3.8266333333333336,687,17,-150.92,-1.0,0.0,1,GROCERY,656.07,0,0,0.0262008733624454,,,,,,,,0,1
629,27,119,10175,377.49,2.7756617647058826,616,25,-64.0,-1.0,0.0,6,GROCERY,163.22,0,0,0.0438311688311688,,,,,,,,0,1
630,206,811,865694,7746.27,4.219101307189543,707,90,-2688.38,-85.38,-31.52,11,GROCERY,3227.81,6,7,0.2913719943422914,35-44,A,35-49K,Homeowner,2 Adults Kids,3,1,1,2
631,483,962,823814,9277.72,3.0853741270369137,682,97,-1482.19,-37.36,-0.35,7,GROCERY,3806.87,5,1,0.7082111436950147,65+,A,100-124K,Homeowner,2 Adults Kids,3,1,1,2
632,94,815,168983,3370.68,2.837272727272727,606,58,-767.26,-48.76,-20.15,7,GROCERY,1658.78,2,0,0.1551155115511551,,,,,,,,0,2
633,167,867,239605,5493.89,3.157408045977012,601,69,-1192.25,-210.16,-10.54,2,GROCERY,2539.47,2,0,0.2778702163061564,,,,,,,,1,2
634,35,346,620,1555.15,3.322970085470086,404,25,-258.36,0.0,0.0,2,GROCERY,879.49,3,0,0.0866336633663366,,,,,,,,0,1
635,34,82,153,362.9,2.468707482993197,622,24,-138.8,0.0,0.0,4,COSMETICS,114.07,1,0,0.0546623794212218,,,,,,,,0,1
636,227,1538,95781,9045.17,2.5536900056465277,643,90,-2257.64,-24.33,-2.54,3,GROCERY,5706.91,10,3,0.3530326594090202,,,,,,,,1,2
637,113,560,6404,2510.04,2.675948827292111,678,61,-669.38,-6.55,-0.45,6,GROCERY,1520.86,7,0,0.1666666666666666,,,,,,,,0,2
638,164,1016,660850,8039.29,3.660878870673953,590,73,-1055.08,-10.07,-3.15,5,GROCERY,3367.56,4,0,0.2779661016949152,,,,,,,,1,2
639,79,216,388,759.83,2.337938461538461,556,36,-130.66,0.0,0.0,3,GROCERY,398.53,1,0,0.1420863309352518,,,,,,,,0,1
640,92,589,91913,2253.25,2.462568306010929,618,49,-530.13,-7.5,0.0,6,GROCERY,1297.33,3,0,0.1488673139158576,,,,,,,,0,1
641,355,1900,5376,13221.75,3.0179753480940423,679,94,-2324.52,-58.74,-5.65,4,GROCERY,6706.81,10,1,0.5228276877761414,,,,,,,,1,2
642,64,456,12405,2208.34,3.1368465909090912,547,45,-248.81,-0.5,-0.5,5,GROCERY,1081.94,7,0,0.1170018281535649,,,,,,,,0,1
643,31,426,23320,1415.59,2.583193430656934,618,26,-538.82,-11.92,-0.9,5,GROCERY,911.35,0,0,0.0501618122977346,,,,,,,,0,1
644,214,807,146040,3772.03,2.1994344023323618,617,79,-578.94,-21.58,-4.1,3,GROCERY,2176.55,7,0,0.3468395461912479,65+,A,75-99K,Homeowner,2 Adults No Kids,2,None/Unknown,1,2
645,49,120,198,429.06,2.804313725490196,456,33,-96.88,0.0,0.0,5,GROCERY,232.96,0,0,0.1074561403508772,,,,,,,,0,1
646,41,538,104972,1691.72,2.502544378698225,673,29,-474.06,-7.2,0.0,4,GROCERY,889.12,1,0,0.0609212481426448,,,,,,,,0,1
647,129,1043,352461,6326.74,3.6423373632700056,649,70,-1255.21,-68.08,-14.95,10,GROCERY,3124.54,10,4,0.1987673343605547,35-44,A,50-74K,Renter,2 Adults Kids,4,2,1,2
648,73,330,791,1910.4,2.99435736677116,648,52,-220.64,0.0,0.0,3,GROCERY,640.45,0,0,0.1126543209876543,,,,,,,,0,1
649,55,463,900,1553.45,2.669158075601375,441,25,-323.04,-15.15,-2.65,3,GROCERY,978.71,0,0,0.1247165532879818,,,,,,,,0,1
650,78,374,705,1415.65,2.4157849829351536,689,52,-394.04,-1.2,-0.5,8,GROCERY,813.67,4,1,0.1132075471698113,,,,,,,,0,1
651,8,113,227,370.53,2.591118881118881,457,7,-114.28,-1.76,0.0,1,GROCERY,178.24,0,0,0.0175054704595186,,,,,,,,0,1
652,48,337,1000,1800.09,2.052554161915621,637,45,-250.63,-2.2,-1.1,1,GROCERY,1278.11,0,0,0.075353218210361,,,,,,,,0,1
653,228,1498,694835,10822.55,3.485523349436393,612,75,-1671.4,-5.0,0.0,7,GROCERY,4405.25,8,0,0.3725490196078431,,,,,,,,1,2
654,146,539,1109,2330.08,2.5162850971922244,673,78,-507.79,-8.55,-1.45,7,GROCERY,1447.12,2,0,0.2169390787518573,,,,,,,,0,2
655,61,536,69261,1991.29,2.9197800586510265,692,35,-382.11,-12.53,-0.95,10,GROCERY,902.29,0,0,0.088150289017341,,,,,,,,0,2
656,95,887,51827,5040.28,3.060279295689132,642,55,-914.69,-6.0,0.0,6,GROCERY,3106.14,5,0,0.1479750778816199,,,,,,,,0,2
657,20,23,50,119.8,2.7227272727272727,626,19,-1.78,0.0,0.0,1,PASTRY,66.77,0,0,0.0319488817891373,,,,,,,,0,1
658,49,313,571,1052.48,2.5733007334963327,606,35,-250.87,0.0,0.0,8,GROCERY,523.19,0,0,0.0808580858085808,,,,,,,,0,1
659,32,209,325,760.89,2.588061224489796,671,27,-137.12,0.0,0.0,2,GROCERY,520.03,0,0,0.0476900149031296,,,,,,,,0,1
660,168,1223,194440,7954.28,3.630433591967138,596,70,-1362.38,-17.43,-4.2,7,GROCERY,4487.7,9,0,0.2818791946308724,55-64,A,50-74K,Homeowner,Unknown,2,None/Unknown,1,2
661,394,625,2142,8271.31,4.750896036760482,610,88,-785.88,-2.49,-0.5,3,GROCERY,3617.14,6,0,0.6459016393442623,45-54,U,50-74K,Homeowner,Unknown,1,None/Unknown,1,2
662,39,211,508,1381.73,3.5703617571059434,623,35,-222.22,-2.75,-0.25,2,GROCERY,1025.18,1,0,0.0626003210272873,,,,,,,,0,1
663,105,841,32868,3199.53,2.4129185520361998,594,60,-829.67,-61.11,-5.25,11,GROCERY,1754.56,5,0,0.1767676767676767,,,,,,,,0,2
664,31,410,647,995.08,1.909942418426104,574,27,-243.52,-4.25,-1.75,2,GROCERY,610.97,0,0,0.0540069686411149,,,,,,,,0,1
665,39,133,328,715.98,3.562089552238806,678,28,-82.61,-1.0,0.0,2,GROCERY,319.15,1,0,0.0575221238938053,,,,,,,,0,1
666,100,320,527,1020.7,2.34105504587156,626,57,-186.46,0.0,0.0,2,GROCERY,627.18,0,0,0.1597444089456869,,,,,,,,0,1
667,66,385,45925,1121.2,2.292842535787321,603,43,-338.04,-3.3,-0.7,10,GROCERY,559.95,0,0,0.1094527363184079,,,,,,,,0,1
668,57,379,730,1151.04,2.239377431906614,625,45,-375.49,-6.5,-0.5,4,GROCERY,721.28,0,0,0.0912,,,,,,,,0,1
669,119,1199,66327,9164.15,4.171210741920801,681,76,-971.92,-4.25,-0.75,9,GROCERY,4580.59,7,0,0.1747430249632892,,,,,,,,1,2
670,192,1033,281900,5685.67,3.163978853644964,679,87,-872.43,-72.7,-11.9,9,GROCERY,3010.72,5,0,0.2827687776141384,55-64,A,35-49K,Unknown,2 Adults Kids,3,1,1,2
671,127,439,454831,5089.66,5.368839662447257,617,70,-706.96,-10.6,-3.4,4,GROCERY,2820.69,3,0,0.2058346839546191,35-44,U,35-49K,Homeowner,Single Female,1,None/Unknown,0,2
672,121,635,58825,2731.15,2.37697998259356,643,67,-797.95,-17.0,0.0,5,GROCERY,1683.23,1,0,0.1881804043545878,35-44,U,25-34K,Unknown,2 Adults No Kids,2,None/Unknown,0,1
673,50,172,320,704.61,3.292570093457944,690,33,-124.12,-0.9,-0.9,4,GROCERY,386.74,0,0,0.072463768115942,,,,,,,,0,1
674,139,968,2191,4727.57,2.72012082853855,678,64,-815.33,-1.25,-0.25,19,GROCERY,2798.3,9,0,0.2050147492625368,,,,,,,,1,2
675,223,490,273895,4832.38,3.4890830324909747,608,79,-614.66,-17.3,-9.8,5,GROCERY,2157.75,4,0,0.3667763157894737,35-44,U,50-74K,Unknown,2 Adults No Kids,2,None/Unknown,1,2
676,376,1348,5404,10741.1,2.912445770065076,699,86,-2013.73,-15.74,-0.25,7,GROCERY,5659.93,14,0,0.5379113018597997,,,,,,,,1,2
677,45,436,663,1600.99,2.94841620626151,614,37,-236.88,-1.0,0.0,3,GROCERY,682.61,0,0,0.0732899022801303,,,,,,,,0,1
678,57,99,52780,459.17,3.2565248226950354,455,33,-107.4,0.0,0.0,4,KIOSK-GAS,190.23,0,0,0.1252747252747252,,,,,,,,0,1
679,262,1138,2258,6494.31,3.349308922124807,691,79,-824.86,-204.6,-10.16,4,GROCERY,2874.26,8,4,0.3791606367583213,,,,,,,,1,2
680,96,753,2049,3513.02,2.376874154262517,589,59,-923.14,-19.68,0.0,4,GROCERY,2200.61,3,2,0.1629881154499151,45-54,U,50-74K,Homeowner,Unknown,1,None/Unknown,0,2
681,66,319,24822,2773.19,3.5462787723785167,707,57,-258.77,-2.5,-1.0,5,GROCERY,2170.86,5,3,0.0933521923620933,,,,,,,,0,2
682,217,736,498949,4438.29,3.398384379785605,538,49,-983.14,-49.34,-5.9,14,GROCERY,1690.81,3,0,0.4033457249070632,65+,A,125-149K,Homeowner,2 Adults No Kids,2,None/Unknown,1,2
683,9,60,104,170.06,2.12575,482,8,-30.53,0.0,0.0,2,GROCERY,93.5,0,0,0.0186721991701244,,,,,,,,0,1
684,107,633,44154,2052.67,2.403594847775176,675,65,-281.75,0.0,0.0,4,GROCERY,1389.01,6,0,0.1585185185185185,,,,,,,,0,1
685,201,893,41857,6019.77,2.9964011946241915,610,76,-956.59,-8.5,-0.5,8,GROCERY,2688.9700000000003,2,0,0.3295081967213115,35-44,A,Under 15K,Unknown,Single Female,2,None/Unknown,1,2
686,21,126,193,534.57,3.873695652173913,550,15,-89.28,-2.5,0.0,3,DRUG GM,217.02,0,0,0.0381818181818181,,,,,,,,0,1
687,69,656,1458,3205.8,2.8022727272727272,702,47,-740.9,-27.8,-14.3,5,GROCERY,2017.76,3,5,0.0982905982905982,,,,,,,,0,2
688,28,707,1091,3207.61,3.471439393939394,622,27,-451.92,-5.0,0.0,2,GROCERY,1751.49,3,0,0.045016077170418,35-44,A,125-149K,Homeowner,2 Adults Kids,3,1,0,1
689,3,20,20,28.96,1.448,272,3,-3.84,0.0,0.0,3,GROCERY,19.2,0,0,0.0110294117647058,,,,,,,,0,1
690,273,793,195240,4963.14,3.5075194346289758,688,92,-669.08,-6.55,-0.95,3,GROCERY,1943.77,5,0,0.3968023255813953,65+,B,15-24K,Homeowner,Single Female,1,None/Unknown,1,2
691,54,540,1079,2511.33,2.8668150684931506,670,41,-377.59,0.0,0.0,4,GROCERY,1172.0,3,0,0.0805970149253731,,,,,,,,0,1
692,124,467,193809,3891.14,2.875934959349593,634,79,-363.18,-10.85,-1.35,4,GROCERY,1862.23,4,3,0.195583596214511,65+,U,35-49K,Homeowner,Single Female,1,None/Unknown,0,2
693,209,1294,2564,6378.8,2.9354809019788317,689,81,-1102.55,-18.79,-0.9,4,GROCERY,3386.68,9,0,0.3033381712626996,45-54,U,15-24K,Unknown,2 Adults No Kids,2,None/Unknown,1,2
694,154,264,765,1756.64,2.7192569659442727,629,50,-186.95,0.0,0.0,5,GROCERY,1034.21,2,0,0.2448330683624801,,,,,,,,0,1
695,226,1229,521059,8523.93,3.4027664670658684,595,79,-1107.83,-6.2,-0.8,7,GROCERY,3936.9,8,0,0.3798319327731092,35-44,B,35-49K,Unknown,1 Adult Kids,3,2,1,2
696,326,1805,891777,14715.53,3.7936401134312967,594,84,-2363.14,-73.02,-15.75,7,GROCERY,7445.58,2,4,0.5488215488215489,35-44,U,50-74K,Homeowner,2 Adults No Kids,2,None/Unknown,1,2
697,62,644,130076,2823.59,2.9597379454926624,638,46,-324.39,-2.0,-0.7,12,GROCERY,1254.5,4,0,0.0971786833855799,,,,,,,,0,2
698,127,432,17596,1204.49,2.2223062730627308,704,59,-175.84,-2.0,-1.0,17,GROCERY,585.44,3,0,0.1803977272727272,,,,,,,,0,2
699,150,1152,783402,10353.0,4.31375,646,78,-1217.45,-19.99,-2.0,9,GROCERY,4903.87,7,1,0.2321981424148606,45-54,A,50-74K,Homeowner,2 Adults No Kids,2,None/Unknown,1,2
700,39,488,15362,2981.04,3.717007481296758,691,29,-563.83,-2.94,-0.25,2,GROCERY,1421.37,2,0,0.0564399421128798,,,,,,,,0,1
701,39,479,837,2593.56,3.819675994108984,599,31,-342.08,-3.05,0.0,1,GROCERY,1283.2,0,0,0.0651085141903172,,,,,,,,0,1
702,276,889,409496,8205.68,3.449213955443464,631,88,-1469.98,-12.37,-1.75,3,GROCERY,4279.54,5,4,0.4374009508716323,,,,,,,,1,2
703,219,1020,1007809,9475.69,4.230218750000001,637,83,-1081.86,-4.8,-0.45,8,GROCERY,4446.4800000000005,9,5,0.3437990580847723,,,,,,,,1,2
704,9,32,3745,76.53,2.3190909090909093,411,7,-18.13,0.0,0.0,3,GROCERY,41.59,0,0,0.0218978102189781,,,,,,,,0,1
705,93,274,678,1385.93,2.8575876288659794,617,69,-271.32,-4.99,0.0,1,GROCERY,653.47,3,0,0.1507293354943274,,,,,,,,0,1
706,133,954,186998,4024.6,3.171473601260835,691,75,-755.54,-4.25,-1.9,8,GROCERY,1969.06,7,0,0.1924746743849493,45-54,B,50-74K,Homeowner,2 Adults No Kids,2,None/Unknown,1,2
707,498,1877,1640193,19194.42,4.453461716937356,608,86,-2179.34,-14.6,-1.15,6,GROCERY,8670.88,9,0,0.819078947368421,25-34,A,100-124K,Homeowner,2 Adults Kids,5+,3+,1,2
708,68,617,1248,2828.06,3.077323177366703,690,55,-416.38,0.0,0.0,3,GROCERY,1482.36,4,0,0.0985507246376811,35-44,A,100-124K,Homeowner,2 Adults Kids,4,2,0,1
709,156,1235,3011,5536.4,2.4716071428571427,660,76,-1535.59,-15.35,-0.45,3,GROCERY,2201.02,8,1,0.2363636363636363,,,,,,,,1,2
710,229,944,84101,3724.48,2.404441575209813,686,93,-681.95,-29.71,-7.4,6,GROCERY,2217.01,8,0,0.3338192419825073,,,,,,,,1,2
711,36,99,9680,429.79,3.5815833333333336,679,25,-67.91,0.0,0.0,2,GROCERY,235.33,0,0,0.0530191458026509,,,,,,,,0,1
712,256,1249,161442,11711.02,3.297949873275134,675,96,-1845.22,-90.1,-12.85,6,GROCERY,6519.47,11,10,0.3792592592592592,65+,A,50-74K,Homeowner,2 Adults No Kids,2,None/Unknown,1,2
713,24,129,18830,540.9,3.4896774193548388,594,20,-135.16,-2.5,0.0,8,GROCERY,350.07,0,0,0.0404040404040404,,,,,,,,0,1
714,294,633,2504,4117.34,2.7819864864864865,659,92,-1409.8,-38.85,-1.75,4,GROCERY,2578.46,5,0,0.4461305007587253,55-64,U,15-24K,Unknown,2 Adults Kids,3,1,1,2
715,178,842,30501,3712.14,2.525265306122449,668,76,-1150.44,-33.13,-5.05,7,GROCERY,1564.82,3,1,0.2664670658682634,55-64,A,15-24K,Homeowner,2 Adults No Kids,2,None/Unknown,1,2
716,81,318,19133,1290.68,2.842907488986784,631,55,-545.09,-33.14,-7.0,8,GROCERY,501.0,1,2,0.1283676703645007,45-54,A,75-99K,Homeowner,2 Adults Kids,5+,3+,0,1
717,51,125,46013,616.72,4.224109589041096,594,32,-56.44,0.0,0.0,9,GROCERY,279.99,0,0,0.0858585858585858,,,,,,,,0,1
718,599,2844,869732,19299.86,2.81708655670705,706,102,-3790.49,-340.9,-74.18,7,GROCERY,10055.44,15,5,0.8484419263456091,45-54,A,25-34K,Homeowner,2 Adults Kids,5+,3+,1,2
719,34,271,591,1098.51,2.210281690140845,683,30,-298.89,-1.77,-0.5,4,GROCERY,836.43,0,0,0.0497803806734992,,,,,,,,0,1
720,86,146,408,1678.8,5.056626506024096,659,69,-109.08,0.0,0.0,2,GROCERY,1021.23,2,0,0.1305007587253414,,,,,,,,0,1
721,46,139,10270,553.57,3.0249726775956285,592,29,-49.84,0.0,0.0,3,GROCERY,391.99,0,0,0.0777027027027027,,,,,,,,0,1
722,136,1069,157887,6437.62,3.183788328387735,606,75,-1195.41,-55.6,-5.95,8,GROCERY,3165.05,5,0,0.2244224422442244,35-44,A,50-74K,Homeowner,2 Adults No Kids,2,None/Unknown,1,2
723,23,281,571,1230.83,2.77213963963964,628,22,-254.41,-9.05,-5.45,4,GROCERY,809.12,0,0,0.036624203821656,,,,,,,,0,1
724,26,120,12890,639.3,3.4187165775401067,585,22,-62.5,0.0,0.0,4,GROCERY,256.22,0,0,0.0444444444444444,,,,,,,,0,1
725,133,815,3299,4828.58,1.9846198109330044,623,75,-1599.53,-8.0,-0.5,2,GROCERY,3392.2,6,5,0.2134831460674157,45-54,U,25-34K,Unknown,Single Female,1,None/Unknown,1,2
726,71,642,16286,2220.15,2.646185935637664,639,46,-506.35,-10.5,-0.5,11,GROCERY,1288.16,4,0,0.1111111111111111,,,,,,,,0,2
727,118,765,2281,4923.13,2.998252131546894,647,62,-950.35,-6.5,0.0,10,GROCERY,3096.87,3,0,0.1823802163833075,,,,,,,,0,2
728,475,1162,821520,10732.91,3.8845132102786826,664,90,-1551.7,-8.87,-1.35,9,GROCERY,4924.45,5,0,0.7153614457831325,,,,,,,,1,2
729,32,294,463,1159.32,3.247394957983193,648,27,-230.79,0.0,0.0,2,GROCERY,506.67,1,0,0.0493827160493827,,,,,,,,0,1
730,92,158,467,1111.69,3.368757575757576,687,71,-183.96,-1.5,0.0,4,GROCERY,798.96,1,0,0.1339155749636099,,,,,,,,0,1
731,233,680,199652,3151.31,3.4402947598253277,617,68,-620.3,-17.99,-0.9,10,GROCERY,1182.69,4,0,0.3776337115072933,45-54,U,35-49K,Homeowner,2 Adults No Kids,2,None/Unknown,0,2
732,104,735,114254,3967.82,2.6381781914893616,591,60,-1221.83,-16.7,-4.3,6,GROCERY,2656.88,8,0,0.1759729272419627,55-64,A,75-99K,Homeowner,2 Adults Kids,4,2,1,2
733,76,409,1717,2678.56,2.673213572854291,615,59,-551.71,-41.32,0.0,2,GROCERY,1799.34,2,0,0.1235772357723577,45-54,A,75-99K,Homeowner,2 Adults No Kids,2,None/Unknown,0,1
734,76,243,36724,1319.76,4.073333333333333,672,50,-229.61,0.0,0.0,5,GROCERY,514.37,1,0,0.1130952380952381,,,,,,,,0,1
735,92,281,536,1062.25,2.6035539215686274,630,44,-119.04,-6.0,0.0,8,GROCERY,462.55,0,0,0.146031746031746,,,,,,,,0,1
736,60,635,1237,3061.62,3.1241020408163265,679,42,-384.93,-5.0,0.0,4,GROCERY,1798.02,0,0,0.0883652430044182,,,,,,,,0,1
737,52,420,12699,1593.51,3.0703468208092484,624,45,-280.07,0.0,0.0,5,GROCERY,606.49,1,0,0.0833333333333333,,,,,,,,0,1
738,101,649,2318,2593.12,2.6705664263645725,610,45,-527.65,-1.0,0.0,4,GROCERY,1659.48,5,0,0.1655737704918032,,,,,,,,0,1
739,6,61,69,160.06,2.5406349206349206,198,5,-38.41,-1.0,0.0,5,GROCERY,129.58,0,0,0.0303030303030303,,,,,,,,0,1
740,113,1164,3408,6644.85,2.789609571788413,599,71,-1256.14,-2.75,-1.25,5,GROCERY,3351.16,6,2,0.1886477462437395,45-54,A,175-199K,Homeowner,Single Female,2,None/Unknown,1,2
741,88,681,55633,3414.6,2.913481228668942,624,57,-673.0600000000001,-1.5,-0.5,3,GROCERY,1348.1,2,0,0.141025641025641,65+,U,50-74K,Homeowner,2 Adults Kids,3,1,0,1
742,328,913,56595,3950.96,1.6380431177446102,630,87,-584.46,-47.27,-6.0,8,GROCERY,2855.66,9,0,0.5206349206349207,35-44,A,15-24K,Renter,1 Adult Kids,4,2,1,2
743,71,443,19076,1988.97,2.596566579634465,585,48,-385.88,-4.0,0.0,7,GROCERY,1110.09,2,0,0.1213675213675213,,,,,,,,0,1
744,158,1080,271809,4730.31,2.880822168087698,704,72,-1091.79,-101.54,-38.7,7,GROCERY,1990.01,7,0,0.2244318181818181,,,,,,,,1,2
745,180,1203,3423,6713.51,2.503173005219985,647,93,-833.71,-4.15,-0.65,2,GROCERY,4021.27,9,2,0.2782071097372488,,,,,,,,1,2
746,39,101,45754,569.05,4.822457627118644,483,24,-37.8,0.0,0.0,5,GROCERY,200.05,0,0,0.0807453416149068,,,,,,,,0,1
747,136,335,689,1166.73,2.4357620041753654,592,68,-303.37,-2.59,0.0,6,GROCERY,623.52,3,0,0.2297297297297297,,,,,,,,0,1
748,84,661,8756,2709.18,2.717331995987964,640,39,-729.99,-3.79,0.0,14,GROCERY,1643.99,3,0,0.13125,45-54,B,Under 15K,Homeowner,2 Adults Kids,3,1,0,2
749,77,271,13216,1066.62,2.792198952879581,619,44,-238.67,0.0,0.0,11,GROCERY,568.5,3,0,0.1243941841680129,,,,,,,,0,1
750,49,224,415,598.62,1.7201724137931034,623,28,-132.56,0.0,0.0,4,GROCERY,409.44,0,0,0.0786516853932584,,,,,,,,0,1
751,27,179,258,521.04,2.315733333333333,625,16,-108.36,0.0,0.0,2,GROCERY,354.53,0,0,0.0432,,,,,,,,0,1
752,106,750,310934,3792.56,3.6257743785850858,651,61,-578.76,0.0,0.0,10,GROCERY,1449.66,3,0,0.162826420890937,35-44,A,75-99K,Renter,Single Female,2,None/Unknown,0,2
753,50,575,1021,2177.13,3.0969132290184924,678,37,-589.31,-5.99,0.0,6,GROCERY,1368.65,0,0,0.0737463126843657,45-54,A,75-99K,Homeowner,2 Adults Kids,4,2,0,1
754,32,224,704,1535.13,3.381343612334802,587,31,-99.3,-1.9,-0.4,3,GROCERY,821.16,4,0,0.0545144804088586,,,,,,,,0,1
755,307,675,3141769,10617.05,9.224196350999131,673,91,-528.27,-32.99,-1.35,10,KIOSK-GAS,7649.09,7,12,0.4561664190193165,35-44,U,50-74K,Homeowner,Unknown,1,None/Unknown,1,2
756,24,259,11086,690.42,2.538308823529412,586,18,-150.94,-1.0,0.0,8,GROCERY,465.46,0,0,0.0409556313993174,,,,,,,,0,1
757,40,464,42478,2023.37,3.1813993710691824,553,34,-312.15,-9.2,-1.3,1,GROCERY,1066.96,1,0,0.0723327305605786,,,,,,,,0,1
758,17,96,9116,344.92,3.4150495049504954,584,15,-51.57,0.0,0.0,9,GROCERY,216.04,0,0,0.0291095890410958,,,,,,,,0,1
759,41,258,406,1274.09,3.4249731182795697,677,32,-75.16,0.0,0.0,8,GROCERY,743.4300000000001,1,0,0.0605612998522895,,,,,,,,0,1
760,70,238,6308,1872.52,4.061865509761388,513,51,-216.23,-10.0,0.0,3,GROCERY,918.79,3,0,0.1364522417153996,,,,,,,,0,1
761,178,1314,337821,9036.01,3.777596153846154,622,76,-1686.45,-108.55,-8.05,9,GROCERY,4719.31,6,11,0.2861736334405145,25-34,A,125-149K,Homeowner,1 Adult Kids,5+,3+,1,2
762,886,1674,349858,8982.79,3.2475741142443963,625,88,-1118.37,-1.55,-0.45,9,GROCERY,3183.65,11,0,1.4176,35-44,A,125-149K,Renter,Single Female,2,None/Unknown,1,2
763,40,565,4994,2815.58,2.7256340755082284,548,33,-490.6,-3.8,-0.7,5,GROCERY,2031.1,2,0,0.072992700729927,,,,,,,,0,1
764,112,771,169505,3196.78,2.938216911764706,585,47,-868.54,-26.78,-5.75,5,GROCERY,1223.28,1,3,0.1914529914529914,35-44,A,50-74K,Homeowner,2 Adults Kids,5+,3+,0,1
765,30,338,127673,1586.58,3.589547511312217,624,24,-242.05,-12.95,-5.15,2,GROCERY,801.63,0,0,0.048076923076923,,,,,,,,0,1
766,122,1376,3485,8350.09,2.7548960739030024,588,71,-1456.97,-26.09,-4.4,3,GROCERY,4224.96,10,1,0.2074829931972789,45-54,A,150-174K,Homeowner,2 Adults No Kids,2,None/Unknown,1,2
767,13,225,306,562.77,2.1812790697674416,595,12,-128.83,-4.7,-1.1,4,GROCERY,354.72,0,0,0.0218487394957983,,,,,,,,0,1
768,466,1181,520714,6681.35,2.478245548961425,601,87,-1446.84,-29.79,-2.0,9,GROCERY,3343.15,4,3,0.7753743760399334,35-44,A,50-74K,Renter,Single Female,2,None/Unknown,1,2
769,46,534,8093,1543.63,2.146912378303199,659,37,-300.03,0.0,0.0,2,GROCERY,906.96,1,0,0.0698027314112291,,,,,,,,0,1
770,43,541,96585,2246.36,3.222898134863702,596,28,-830.42,-91.3,-30.2,10,GROCERY,1233.27,0,0,0.0721476510067114,25-34,A,50-74K,Homeowner,2 Adults Kids,5+,3+,0,2
771,497,1644,9590,7990.97,1.9992419314485863,596,84,-1972.44,-17.19,-1.2,12,GROCERY,3844.02,9,3,0.8338926174496645,45-54,U,50-74K,Homeowner,Unknown,1,None/Unknown,1,2
772,42,81,21460,271.88,1.7540645161290322,596,26,-20.81,0.0,0.0,21,GROCERY,103.82,0,0,0.0704697986577181,,,,,,,,0,2
773,22,201,297,899.63,3.5699603174603176,686,19,-101.82,0.0,0.0,3,GROCERY,536.4300000000001,0,0,0.032069970845481,,,,,,,,0,1
774,16,291,451,909.96,2.614827586206897,574,13,-188.64,-3.45,-1.95,4,GROCERY,577.94,0,0,0.0278745644599303,,,,,,,,0,1
775,33,312,479,1121.0,3.0297297297297296,468,28,-180.82,0.0,0.0,3,GROCERY,605.7,0,0,0.0705128205128205,,,,,,,,0,1
776,72,650,15237,3153.7,3.1132280355380058,664,49,-762.66,-2.5,0.0,8,GROCERY,1918.03,4,0,0.108433734939759,,,,,,,,0,2
777,40,435,372374,2745.75,4.471905537459284,628,24,-291.97,-0.35,-0.35,2,GROCERY,1072.49,0,0,0.0636942675159235,,,,,,,,0,1
778,123,399,93142,2285.59,2.790708180708181,605,50,-497.75,-7.4,-3.6,6,GROCERY,1406.54,3,0,0.2033057851239669,,,,,,,,0,1
779,86,757,1302,3918.28,3.6046734130634777,637,48,-477.65,-0.75,-0.25,7,GROCERY,2344.4700000000003,2,0,0.1350078492935635,65+,U,125-149K,Homeowner,2 Adults Kids,3,1,0,2
780,67,169,323,579.72,2.123516483516484,602,40,-195.34,0.0,0.0,6,GROCERY,270.81,2,0,0.1112956810631229,,,,,,,,0,1
781,57,319,856,1665.51,3.072896678966789,614,40,-565.52,-18.35,-8.35,6,GROCERY,841.77,0,0,0.0928338762214983,,,,,,,,0,1
782,70,391,36527,1557.05,2.883425925925926,593,44,-304.66,-2.5,0.0,5,GROCERY,950.34,0,0,0.118043844856661,,,,,,,,0,1
783,17,124,205,387.34,2.5995973154362413,559,15,-124.29,-3.0,-1.0,3,GROCERY,184.85,0,0,0.0304114490161001,,,,,,,,0,1
784,134,450,296418,3117.66,3.7115,690,76,-400.89,-8.5,0.0,11,GROCERY,1359.1,4,0,0.1942028985507246,45-54,A,100-124K,Homeowner,Single Female,2,None/Unknown,0,2
785,103,269,222982,2089.8,3.9430188679245286,665,47,-218.67,0.0,0.0,5,GROCERY,1062.01,1,0,0.1548872180451128,65+,A,75-99K,Homeowner,2 Adults No Kids,2,None/Unknown,0,1
786,204,964,2435,7434.07,3.406998166819432,602,77,-871.21,0.0,0.0,9,GROCERY,4754.64,7,0,0.3388704318936877,19-24,U,75-99K,Homeowner,2 Adults No Kids,2,None/Unknown,1,2
787,190,276,984,2504.59,2.999508982035928,608,83,-400.69,-6.17,0.0,2,GROCERY,1618.47,3,0,0.3125,25-34,B,25-34K,Homeowner,Single Male,1,None/Unknown,0,2
788,295,1473,239409,7514.2,2.828076778321415,646,83,-2021.67,-83.15,-15.55,7,GROCERY,3866.08,12,10,0.456656346749226,25-34,U,Under 15K,Unknown,1 Adult Kids,2,1,1,2
789,26,95,127,370.3,3.276991150442478,701,21,-65.44,-1.35,0.0,4,GROCERY,159.37,0,0,0.0370898716119828,,,,,,,,0,1
790,58,628,22210,2842.63,3.093177366702938,598,44,-289.95,-11.0,-0.25,10,GROCERY,1894.97,2,0,0.0969899665551839,45-54,U,50-74K,Homeowner,Unknown,1,None/Unknown,0,1
791,21,116,145,303.01,2.463495934959349,614,14,-64.99,0.0,0.0,2,GROCERY,208.59,0,0,0.0342019543973941,,,,,,,,0,1
792,23,115,15510,337.11,2.4252517985611517,605,8,-95.64,-2.5,0.0,3,GROCERY,151.5,0,0,0.0380165289256198,,,,,,,,0,1
793,107,333,79612,1832.03,4.035308370044053,615,55,-406.53,-12.08,-3.75,8,GROCERY,792.0,1,2,0.1739837398373983,,,,,,,,0,1
794,32,381,698,1752.5,3.5190763052208838,600,25,-408.52,-1.0,0.0,7,GROCERY,791.94,0,0,0.0533333333333333,,,,,,,,0,1
795,45,320,599,1295.91,2.711108786610879,630,32,-241.19,-3.5,0.0,2,GROCERY,712.91,1,0,0.0714285714285714,,,,,,,,0,1
796,50,148,10185,445.65,1.9806666666666664,692,42,-205.39,0.0,0.0,6,GROCERY,164.91,0,0,0.0722543352601156,,,,,,,,0,1
797,92,545,853,3059.57,4.1178600269179,595,57,-236.72,-0.5,-0.5,4,GROCERY,1798.05,5,0,0.1546218487394958,25-34,U,75-99K,Homeowner,2 Adults No Kids,2,None/Unknown,0,1
798,54,439,27930,1586.58,2.927269372693727,663,38,-330.12,-3.55,-1.45,5,GROCERY,1005.68,0,0,0.0814479638009049,,,,,,,,0,1
799,68,558,125719,2084.11,2.52619393939394,679,48,-726.72,-22.52,-1.85,3,GROCERY,1182.28,0,0,0.1001472754050073,,,,,,,,0,1
800,443,1276,4648,10426.58,2.4253500814142823,652,93,-1778.66,-2.5,-0.5,4,GROCERY,5821.2300000000005,12,0,0.6794478527607362,25-34,A,35-49K,Homeowner,2 Adults No Kids,2,None/Unknown,1,2
801,29,265,15722,1652.07,4.193071065989847,637,22,-661.2,-0.5,-0.5,4,GROCERY,848.36,0,0,0.0455259026687598,,,,,,,,0,1
802,59,344,783,2154.43,3.740329861111111,648,51,-256.89,-7.0,0.0,3,GROCERY,1070.8,3,0,0.0910493827160493,65+,U,35-49K,Homeowner,2 Adults No Kids,2,None/Unknown,0,1
803,65,392,869,2036.84,2.7749863760217983,687,53,-363.64,0.0,0.0,2,GROCERY,1324.12,3,0,0.0946142649199417,25-34,U,75-99K,Unknown,2 Adults No Kids,2,None/Unknown,0,1
804,221,948,2577,3917.74,1.8497355996222853,628,77,-1094.01,-41.46,0.0,4,GROCERY,2391.13,6,0,0.3519108280254777,,,,,,,,1,2
805,304,703,137555,5565.47,2.973007478632479,699,96,-1324.91,-41.5,-2.0,3,GROCERY,2143.55,7,10,0.4349070100143061,,,,,,,,1,2
806,125,1035,64035,5875.35,3.269532554257095,662,65,-937.2,-30.85,-9.95,10,GROCERY,3121.21,9,0,0.188821752265861,35-44,A,75-99K,Homeowner,2 Adults No Kids,2,None/Unknown,1,2
807,123,738,263117,4014.02,2.785579458709229,678,68,-1058.07,-26.94,-2.05,4,GROCERY,2279.51,5,5,0.1814159292035398,,,,,,,,1,2
808,206,545,113012,2317.9,2.759404761904762,613,78,-361.07,-0.55,-0.45,2,GROCERY,1129.54,2,0,0.3360522022838499,45-54,U,75-99K,Homeowner,2 Adults Kids,3,1,0,2
809,57,179,436,619.75,1.8667168674698795,615,36,-167.11,-3.67,0.0,3,GROCERY,296.51,0,0,0.0926829268292682,,,,,,,,0,1
810,37,97,232,540.1,3.507142857142857,619,31,-44.54,0.0,0.0,1,PRODUCE,200.49,0,0,0.0597738287560581,,,,,,,,0,1
811,39,269,431,680.23,1.9831778425655977,655,24,-146.25,0.0,0.0,1,GROCERY,454.33,0,0,0.0595419847328244,,,,,,,,0,1
812,93,173,602,1165.27,3.348477011494253,656,39,-198.87,-16.79,-4.09,6,GROCERY,751.61,3,0,0.1417682926829268,,,,,,,,0,1
813,33,430,16295,2065.1,3.4942470389170897,689,29,-248.84,0.0,0.0,4,GROCERY,887.95,0,0,0.0478955007256894,,,,,,,,0,1
814,23,229,5380,773.76,2.724507042253521,574,16,-127.71,0.0,0.0,4,GROCERY,382.66,0,0,0.0400696864111498,,,,,,,,0,1
815,47,531,1063,1802.37,2.3904111405835544,597,22,-461.41,-5.0,-1.0,2,GROCERY,1100.32,0,0,0.0787269681742043,,,,,,,,0,1
816,106,762,20831,3468.66,2.8977944862155387,676,68,-457.38,-13.44,-5.65,7,GROCERY,2003.86,9,0,0.1568047337278106,25-34,U,50-74K,Unknown,Single Female,1,None/Unknown,0,2
817,147,876,2157,4801.85,2.520656167979003,607,74,-1299.24,-13.72,-1.8,3,GROCERY,3295.08,6,0,0.2421746293245469,35-44,A,150-174K,Homeowner,2 Adults Kids,3,1,1,2
818,52,362,151521,1724.59,3.505264227642276,641,25,-199.04,0.0,0.0,3,GROCERY,850.49,0,0,0.0811232449297972,,,,,,,,0,1
819,6,46,73,161.75,3.3697916666666665,629,6,-29.49,0.0,0.0,3,GROCERY,54.38,0,0,0.0095389507154213,,,,,,,,0,1
820,208,1165,16232,4603.9800000000005,2.915756808106397,645,68,-729.71,-33.05,-2.75,9,GROCERY,1929.84,2,0,0.3224806201550387,,,,,,,,1,2
821,17,50,16684,464.56,8.150175438596492,516,12,-14.08,0.0,0.0,3,DRUG GM,170.14,0,0,0.0329457364341085,,,,,,,,0,1
822,42,239,10766,866.5600000000001,2.1664000000000003,641,32,-215.37,0.0,0.0,9,GROCERY,441.37,0,0,0.0655226209048362,,,,,,,,0,1
823,117,496,117006,2590.15,4.0095201238390095,615,59,-308.26,-1.5,0.0,21,GROCERY,1065.32,2,0,0.1902439024390244,35-44,A,50-74K,Homeowner,2 Adults Kids,3,1,0,2
824,57,361,8854,1167.03,2.33406,617,36,-298.39,-0.75,-0.25,7,GROCERY,647.92,0,0,0.0923824959481361,,,,,,,,0,1
825,242,1680,790333,11835.02,3.876521454307239,637,85,-1864.82,-60.81,-7.25,11,GROCERY,4287.75,8,13,0.379905808477237,45-54,A,175-199K,Homeowner,2 Adults No Kids,2,None/Unknown,1,2
826,26,59,4035,203.01,2.2810112359550563,661,21,-22.14,0.0,0.0,2,GROCERY,113.67,0,0,0.0393343419062027,,,,,,,,0,1
827,20,123,16453,326.88,2.55375,705,18,-59.93,-6.99,-0.8,6,GROCERY,179.32,0,0,0.0283687943262411,,,,,,,,0,1
828,37,321,60363,1123.16,2.535349887133183,441,29,-216.67,-1.0,0.0,6,GROCERY,595.08,0,0,0.0839002267573696,,,,,,,,0,1
829,32,384,14245,1635.21,2.440611940298508,607,29,-366.09,-10.0,0.0,4,GROCERY,1041.43,0,0,0.0527182866556836,,,,,,,,0,1
830,231,406,1236,1694.32,2.089173859432799,637,58,-388.69,-61.23,-9.9,6,GROCERY,1118.63,4,0,0.3626373626373626,,,,,,,,0,2
831,166,1198,3042,8831.35,3.4416796570537804,639,83,-1414.09,-12.25,-0.75,9,GROCERY,4690.4800000000005,1,0,0.2597809076682316,45-54,B,50-74K,Homeowner,1 Adult Kids,3,2,1,2
832,14,110,171,479.24,3.5764179104477614,649,13,-46.57,-1.75,0.0,1,GROCERY,356.34000000000003,0,0,0.0215716486902927,,,,,,,,0,1
833,34,399,19712,1975.56,3.8064739884393055,495,28,-601.05,-3.0,-1.0,4,GROCERY,953.66,0,0,0.0686868686868686,,,,,,,,0,1
834,28,202,48565,946.28,3.8156451612903215,659,21,-142.42,0.0,0.0,7,GROCERY,556.25,2,0,0.0424886191198786,,,,,,,,0,1
835,17,66,91,273.81,3.9682608695652175,477,14,-16.02,0.0,0.0,1,DRUG GM,128.32,0,0,0.0356394129979035,,,,,,,,0,1
836,75,342,721,1564.35,2.880939226519337,600,45,-306.44,0.0,0.0,17,GROCERY,801.82,2,0,0.125,,,,,,,,0,2
837,36,196,350,793.38,3.319581589958159,602,32,-191.07,-26.23,-7.6,5,GROCERY,444.55,0,0,0.0598006644518272,,,,,,,,0,1
838,32,165,6815,384.69,1.9932124352331608,664,28,-59.83,0.0,0.0,3,GROCERY,220.18,0,0,0.0481927710843373,,,,,,,,0,1
839,10,252,282,846.7,3.2565384615384616,604,7,-84.94,-1.0,0.0,4,GROCERY,498.42,0,0,0.0165562913907284,,,,,,,,0,1
840,214,1634,39963,11944.57,3.91882217847769,633,81,-1257.68,-10.5,-1.8,9,GROCERY,4760.2300000000005,5,1,0.3380726698262243,35-44,A,75-99K,Homeowner,2 Adults Kids,5+,3+,1,2
841,157,483,101033,2550.37,3.35575,646,57,-524.42,-11.04,-0.7,3,DRUG GM,850.15,1,0,0.2430340557275541,,,,,,,,0,2
842,506,1087,510491,7527.27,2.7481818181818185,587,84,-1443.77,-8.75,-0.9,6,GROCERY,3398.21,7,0,0.8620102214650767,,,,,,,,1,2
843,74,627,6124,2619.23,2.9070255271920087,685,43,-449.92,-5.0,0.0,7,GROCERY,1564.52,0,0,0.1080291970802919,,,,,,,,0,1
844,141,718,12352,5399.64,3.609385026737968,631,75,-578.21,-36.3,-6.9,7,GROCERY,2997.2,4,0,0.2234548335974643,45-54,A,200-249K,Homeowner,2 Adults No Kids,2,None/Unknown,1,2
845,117,1000,83539,5097.28,3.0504368641532014,623,69,-760.62,-15.63,-0.45,7,GROCERY,3011.19,11,3,0.1878009630818619,19-24,B,50-74K,Homeowner,Single Female,1,None/Unknown,1,2
846,34,314,437,1120.9,2.9497368421052634,601,28,-182.24,-1.0,0.0,2,GROCERY,825.51,0,0,0.0565723793677204,,,,,,,,0,1
847,53,263,124373,1463.32,3.371705069124424,599,42,-143.84,-3.0,0.0,7,GROCERY,710.19,0,0,0.0884808013355592,,,,,,,,0,1
848,29,448,1112,2684.13,3.117456445993032,611,22,-409.38,-0.4,-0.4,3,GROCERY,1957.67,0,0,0.0474631751227495,,,,,,,,0,1
849,62,826,1873,4599.52,2.986701298701299,624,47,-490.7,-1.99,0.0,7,GROCERY,2814.21,6,0,0.0993589743589743,,,,,,,,0,2
850,97,369,5970,1252.91,2.3331657355679702,659,57,-221.81,-0.4,-0.4,8,GROCERY,576.04,3,0,0.1471927162367223,,,,,,,,0,1
851,21,27,98,166.78,3.0885185185185184,653,21,-34.08,0.0,0.0,2,DELI,79.59,0,0,0.0321592649310872,,,,,,,,0,1
852,95,426,782,1943.73,2.976615620214395,603,58,-203.72,-4.75,0.0,4,GROCERY,815.36,1,0,0.1575456053067993,25-34,U,35-49K,Unknown,2 Adults Kids,4,2,0,1
853,516,807,731341,13497.29,5.477796266233766,645,90,-543.44,-13.46,-0.8,3,GROCERY,8575.35,5,0,0.8,25-34,B,175-199K,Unknown,Single Female,1,None/Unknown,1,2
854,36,190,274,551.87,2.4419026548672567,566,30,-90.27,0.0,0.0,1,GROCERY,287.05,1,0,0.0636042402826855,,,,,,,,0,1
855,216,922,2237,5617.79,3.39854204476709,598,62,-1190.0,-15.0,0.0,1,GROCERY,2876.68,3,0,0.3612040133779264,,,,,,,,1,2
856,182,741,162189,5080.04,2.924605641911341,611,75,-1219.17,-9.55,-1.25,4,GROCERY,2633.0,6,0,0.2978723404255319,55-64,B,35-49K,Homeowner,Single Female,1,None/Unknown,1,2
857,43,649,1775,4040.81,2.8041707147814017,599,40,-545.46,-1.5,0.0,3,GROCERY,2951.51,5,0,0.0717863105175292,65+,A,35-49K,Homeowner,1 Adult Kids,3,1,0,1
858,42,199,279,594.23,2.5179237288135594,640,35,-87.48,0.0,0.0,4,GROCERY,357.01,0,0,0.065625,,,,,,,,0,1
859,194,1037,270618,7074.2,3.070399305555556,636,89,-998.39,-4.8,-0.45,6,GROCERY,3502.13,7,0,0.3050314465408805,25-34,U,50-74K,Unknown,Single Female,1,None/Unknown,1,2
860,52,88,195,261.06,1.7404,560,14,-58.77,-18.29,0.0,3,GROCERY,182.35,0,0,0.0928571428571428,,,,,,,,0,1
861,34,249,475,1382.53,3.554061696658098,668,25,-132.86,0.0,0.0,3,GROCERY,408.97,1,0,0.0508982035928143,,,,,,,,0,1
862,71,408,937,1753.9,2.6216741405082216,675,37,-312.84,-0.55,-0.45,8,GROCERY,937.53,1,0,0.1051851851851851,,,,,,,,0,1
863,146,488,176138,2183.53,3.438629921259843,676,51,-316.13,-2.15,-0.65,6,GROCERY,825.77,3,0,0.2159763313609467,45-54,U,15-24K,Unknown,Unknown,1,None/Unknown,0,2
864,109,1118,3435,7892.97,2.9429418344519016,690,78,-1332.94,-57.38,-7.35,3,GROCERY,3879.35,7,11,0.1579710144927536,35-44,U,15-24K,Homeowner,Single Female,1,None/Unknown,1,2
865,35,291,34192,1887.73,4.626789215686275,588,23,-443.92,-3.49,0.0,1,GROCERY,987.26,0,0,0.0595238095238095,35-44,A,75-99K,Homeowner,2 Adults Kids,5+,3+,0,1
866,136,868,172077,5519.35,3.2033372025536857,663,68,-1298.28,-15.49,-0.5,2,GROCERY,2588.51,0,0,0.2051282051282051,45-54,U,15-24K,Unknown,1 Adult Kids,2,1,0,2
867,182,911,502320,6088.84,3.497323377369328,680,86,-798.99,-125.07,-27.0,11,GROCERY,2839.03,3,6,0.2676470588235294,45-54,U,75-99K,Homeowner,Unknown,1,None/Unknown,1,2
868,162,1127,491580,6836.65,4.143424242424242,615,66,-872.99,-24.99,-3.2,8,GROCERY,3101.48,6,0,0.2634146341463415,65+,A,35-49K,Homeowner,2 Adults No Kids,2,None/Unknown,1,2
869,130,364,684,1428.67,2.6118281535648995,646,67,-239.16,-1.6,-0.6,5,GROCERY,837.5600000000001,0,0,0.2012383900928792,,,,,,,,0,1
870,12,88,100,241.41,2.652857142857143,328,9,-35.85,-1.3,-0.45,3,GROCERY,172.95000000000002,0,0,0.0365853658536585,,,,,,,,0,1
871,132,1144,89298,10435.96,4.146189908621375,599,74,-1261.32,0.0,0.0,5,GROCERY,5587.85,6,0,0.2203672787979966,35-44,A,200-249K,Homeowner,2 Adults Kids,3,1,1,2
872,9,47,57,172.07,3.5847916666666664,646,3,-17.16,0.0,0.0,1,DRUG GM,62.09,0,0,0.0139318885448916,,,,,,,,0,1
873,113,616,188789,2938.15,2.430231596360629,617,55,-845.89,-13.5,-0.49,4,GROCERY,1814.21,4,0,0.1831442463533225,,,,,,,,0,2
874,5,55,82,222.22,3.9682142857142857,532,5,-30.15,0.0,0.0,3,DRUG GM,70.48,0,0,0.0093984962406015,,,,,,,,0,1
875,68,427,905,1473.27,2.357232,642,54,-379.1,-16.05,-3.65,4,GROCERY,904.26,0,0,0.1059190031152648,25-34,U,25-34K,Unknown,2 Adults Kids,3,1,0,1
876,200,776,360106,5899.04,3.297395192845165,602,83,-890.38,-4.0,0.0,2,GROCERY,3370.96,8,0,0.3322259136212624,,,,,,,,1,2
877,63,525,82992,3355.07,3.3317477656405163,611,49,-446.34,-100.18,-23.15,2,GROCERY,1729.9,4,9,0.1031096563011456,,,,,,,,0,2
878,181,1107,44715,5980.72,2.3592583826429983,619,82,-1552.32,-1.0,0.0,10,GROCERY,3638.72,9,2,0.2924071082390953,25-34,U,35-49K,Unknown,1 Adult Kids,3,2,1,2
879,96,455,226402,2448.6,3.755521472392638,624,56,-425.29,-9.85,-0.35,1,GROCERY,1097.09,2,0,0.1538461538461538,35-44,B,50-74K,Homeowner,2 Adults No Kids,2,None/Unknown,0,1
880,12,79,99,197.39,2.322235294117647,590,7,-44.2,0.0,0.0,2,GROCERY,112.85,0,0,0.0203389830508474,,,,,,,,0,1
881,139,903,2741,4295.11,1.9123374888691005,619,75,-949.79,-13.13,-4.25,3,GROCERY,2756.5,6,0,0.2245557350565428,,,,,,,,1,2
882,240,967,112603,4609.8,2.9212927756653992,601,73,-942.79,-31.64,-1.85,9,GROCERY,3145.89,3,0,0.3993344425956738,45-54,U,50-74K,Unknown,2 Adults No Kids,2,None/Unknown,1,2
883,352,1104,576558,10165.13,4.80166745394426,671,91,-1223.74,-11.0,0.0,20,GROCERY,4693.8,8,4,0.5245901639344263,35-44,A,35-49K,Homeowner,2 Adults No Kids,2,None/Unknown,1,2
884,70,190,350,674.35,2.573854961832061,695,27,-73.49,0.0,0.0,6,GROCERY,293.56,1,0,0.1007194244604316,,,,,,,,0,1
885,87,473,44773,2602.8,3.585123966942149,642,47,-507.44,-6.0,0.0,3,GROCERY,1486.71,1,0,0.1355140186915887,,,,,,,,0,1
886,198,599,337353,4890.11,4.565929038281979,693,71,-640.77,-15.45,-5.25,2,DRUG GM,1299.79,3,0,0.2857142857142857,35-44,A,100-124K,Homeowner,2 Adults No Kids,2,None/Unknown,0,2
887,48,386,593,1133.71,2.323176229508197,689,40,-249.69,0.0,0.0,5,GROCERY,621.92,0,0,0.06966618287373,,,,,,,,0,1
888,79,1296,3861,8689.01,2.6620741421568628,694,64,-1311.21,-118.05,-6.21,7,GROCERY,4966.86,12,10,0.1138328530259366,25-34,U,150-174K,Homeowner,2 Adults Kids,3,1,1,2
889,216,1397,1086152,12983.01,3.083118024222275,674,89,-1803.62,-273.73,-77.0,7,GROCERY,7147.54,12,22,0.3204747774480712,25-34,A,50-74K,Homeowner,2 Adults Kids,4,2,1,2
890,31,302,24223,1068.91,2.9365659340659342,626,25,-327.68,-1.35,-0.35,4,GROCERY,484.87,0,0,0.0495207667731629,,,,,,,,0,1
891,113,1086,3350,7035.21,2.8402139685102945,634,72,-1468.77,-9.85,-3.65,5,GROCERY,3314.9,7,0,0.1782334384858044,,,,,,,,1,2
892,22,192,253,443.31,2.1624878048780487,532,21,-136.81,-18.55,-2.75,4,GROCERY,276.46,0,0,0.0413533834586466,,,,,,,,0,1
893,111,737,22840,4729.01,3.234616963064296,651,55,-566.83,-2.8,-0.45,9,GROCERY,3411.52,2,0,0.1705069124423963,,,,,,,,0,2
894,31,263,449,1095.29,3.042472222222222,631,19,-165.19,-7.59,0.0,5,GROCERY,544.16,0,0,0.0491283676703645,,,,,,,,0,1
895,211,695,420762,8700.15,4.715528455284552,680,94,-873.97,-16.68,-0.5,12,GROCERY,4750.73,10,3,0.3102941176470588,45-54,U,150-174K,Unknown,Single Male,1,None/Unknown,1,2
896,112,1310,149218,5274.46,2.589327442317133,655,68,-1485.09,-31.89,-7.5,8,GROCERY,2901.51,8,1,0.1709923664122137,,,,,,,,1,2
897,62,233,315,840.23,2.897344827586207,641,43,-97.85,-0.5,-0.5,2,GROCERY,384.11,0,0,0.0967238689547582,,,,,,,,0,1
898,315,983,699507,8355.23,3.535856961489632,605,84,-1156.2,-13.54,-0.45,17,GROCERY,3020.75,5,0,0.5206611570247934,55-64,A,125-149K,Homeowner,2 Adults No Kids,2,None/Unknown,1,2
899,12,75,105,315.15,4.092857142857143,591,8,-57.37,0.0,0.0,2,GROCERY,95.83,0,0,0.0203045685279187,,,,,,,,0,1
900,1223,1641,1264243,16450.53,4.031992647058823,649,93,-1470.07,-12.38,0.0,7,GROCERY,5566.05,8,0,1.884437596302003,35-44,A,35-49K,Homeowner,2 Adults No Kids,2,None/Unknown,1,2
901,76,697,5391,2766.7,2.772244488977956,605,48,-535.37,-1.0,0.0,5,GROCERY,1399.4,3,0,0.1256198347107438,,,,,,,,0,1
902,10,24,41,135.23,4.829642857142857,581,9,-5.32,0.0,0.0,3,GROCERY,117.27,0,0,0.0172117039586919,,,,,,,,0,1
903,72,466,886,2949.56,3.845580182529335,637,49,-393.54,-1.5,-0.5,3,GROCERY,1673.75,3,0,0.1130298273155416,35-44,U,35-49K,Unknown,Single Male,1,None/Unknown,0,1
904,31,248,31855,890.25,3.059278350515464,687,25,-131.86,0.0,0.0,6,GROCERY,529.67,0,0,0.0451237263464337,,,,,,,,0,1
905,31,208,58416,851.9300000000001,3.786355555555556,643,26,-98.09,0.0,0.0,7,GROCERY,326.04,0,0,0.0482115085536547,,,,,,,,0,1
906,382,402,618464,7048.71,4.743411843876178,659,93,-1373.64,-17.3,-1.94,5,GROCERY,3907.02,6,1,0.5796661608497724,55-64,A,Under 15K,Homeowner,Single Female,2,None/Unknown,1,2
907,92,446,1016,1953.06,2.4975191815856777,702,65,-478.94,-2.19,0.0,4,GROCERY,1052.51,3,0,0.131054131054131,,,,,,,,0,1
908,199,895,186216,6097.47,3.5388682530470112,615,81,-1549.53,-12.74,-0.35,6,GROCERY,2945.86,4,2,0.3235772357723577,45-54,A,100-124K,Probable Owner,2 Adults Kids,3,1,1,2
909,713,1999,1059350,12414.56,3.526863636363636,644,85,-2014.05,-127.18,-37.78,11,GROCERY,5526.33,12,1,1.1071428571428572,,,,,,,,1,2
910,34,286,53970,1158.11,3.1470380434782608,585,23,-162.94,-3.5,0.0,7,GROCERY,631.88,0,0,0.0581196581196581,,,,,,,,0,1
911,75,665,76151,3696.76,2.690509461426492,608,55,-449.03,-7.75,-0.75,7,GROCERY,1477.61,3,2,0.1233552631578947,25-34,A,125-149K,Homeowner,2 Adults No Kids,2,None/Unknown,0,1
912,20,300,4516,1164.11,3.3547838616714696,525,12,-187.99,0.0,0.0,2,GROCERY,552.02,0,0,0.0380952380952381,,,,,,,,0,1
913,69,290,44269,1830.63,3.467102272727273,681,48,-281.94,-3.25,-0.25,5,GROCERY,1190.86,2,0,0.1013215859030837,,,,,,,,0,1
914,60,305,618,1834.08,4.387751196172249,628,40,-167.73,0.0,0.0,3,GROCERY,840.05,0,0,0.0955414012738853,45-54,B,15-24K,Homeowner,2 Adults No Kids,2,None/Unknown,0,1
915,119,174,586,970.11,1.8910526315789475,632,71,-82.66,0.0,0.0,2,GROCERY,472.43,2,0,0.1882911392405063,45-54,U,15-24K,Unknown,Single Female,1,None/Unknown,0,1
916,206,901,235806,3764.6,2.997292993630573,612,75,-605.93,-3.25,0.0,20,GROCERY,2223.63,4,0,0.3366013071895425,,,,,,,,1,2
917,44,164,241,488.48,2.683956043956044,477,12,-114.21,0.0,0.0,3,GROCERY,239.37,0,0,0.0922431865828092,,,,,,,,0,1
918,152,770,6175,3135.38,2.1343635125936014,592,45,-510.31,-11.04,-2.05,7,GROCERY,1718.55,5,0,0.2567567567567567,,,,,,,,0,1
919,135,440,8600,1469.45,1.956657789613848,593,59,-223.05,-7.59,0.0,1,GROCERY,1034.48,1,0,0.2276559865092748,,,,,,,,0,1
920,238,972,135019,5887.36,3.4129623188405795,661,82,-1071.04,-37.9,-1.25,2,GROCERY,2917.9,6,4,0.3600605143721634,45-54,A,35-49K,Homeowner,2 Adults Kids,5+,3+,1,2
921,9,30,48,101.3,2.6657894736842103,549,6,-20.87,0.0,0.0,2,GROCERY,36.08,0,0,0.0163934426229508,,,,,,,,0,1
922,150,592,171457,3336.99,3.494230366492147,658,72,-341.69,-33.76,-0.75,16,GROCERY,1441.25,4,0,0.2279635258358662,45-54,U,35-49K,Unknown,Unknown,1,None/Unknown,0,2
923,164,555,336581,3305.54,4.178938053097345,663,62,-623.34,-19.34,-2.15,10,GROCERY,1117.61,2,0,0.2473604826546003,,,,,,,,0,2
924,95,395,861,2336.18,3.094278145695364,705,76,-285.52,-2.0,0.0,2,GROCERY,1636.74,3,0,0.1347517730496454,,,,,,,,0,1
925,79,111,263,485.24,2.0218333333333334,607,33,-76.49,-0.4,-0.4,4,GROCERY,320.79,1,0,0.1301482701812191,,,,,,,,0,1
926,241,753,694442,7274.1,3.85893899204244,699,91,-993.62,-5.05,-4.45,9,GROCERY,2797.06,9,0,0.3447782546494993,35-44,U,Under 15K,Homeowner,2 Adults No Kids,2,None/Unknown,1,2
927,46,426,700,1530.88,2.984171539961014,664,32,-469.05,-4.65,-1.35,6,GROCERY,584.84,1,0,0.0692771084337349,,,,,,,,0,1
928,137,871,123546,3571.7,3.0243014394580863,647,65,-527.65,-2.55,-0.45,13,GROCERY,1866.47,5,0,0.2117465224111283,,,,,,,,0,2
929,244,1018,335607,5342.55,2.206753407682776,630,83,-1145.58,-17.84,-3.65,14,GROCERY,3110.15,5,4,0.3873015873015873,45-54,B,25-34K,Renter,1 Adult Kids,2,1,1,2
930,43,68,337,966.88,7.269774436090225,645,32,-462.49,-12.75,-0.25,6,GROCERY,898.3100000000001,0,0,0.0666666666666666,,,,,,,,0,1
931,42,837,49762,4967.07,3.287273328921244,574,33,-1036.45,-64.53,-21.35,5,GROCERY,3086.98,4,29,0.073170731707317,,,,,,,,1,2
932,158,1014,5204,5845.96,3.1480667743672592,683,74,-841.08,-6.9,-0.45,4,GROCERY,3191.31,12,0,0.2313323572474377,19-24,U,15-24K,Unknown,2 Adults No Kids,2,None/Unknown,1,2
933,79,542,67923,2175.19,2.8545800524934384,603,38,-446.55,-6.0,0.0,4,GROCERY,1359.61,0,0,0.1310116086235489,,,,,,,,0,1
934,234,2197,137630,10709.38,2.2026696832579185,673,87,-3399.17,-34.45,-6.9,6,GROCERY,6194.31,9,1,0.3476968796433878,45-54,U,Under 15K,Unknown,Single Female,1,None/Unknown,1,2
935,57,302,294398,1564.67,3.7432296650717705,649,40,-124.03,-1.0,0.0,3,KIOSK-GAS,704.42,1,0,0.0878274268104776,,,,,,,,0,1
936,502,1244,61776,7089.49,3.011677994902294,645,91,-1509.23,-301.55,-43.08,6,GROCERY,4034.91,10,4,0.7782945736434108,,,,,,,,1,2
937,68,342,9821,1669.89,2.171508452535761,628,59,-350.24,-2.35,-0.35,9,GROCERY,1350.86,0,0,0.10828025477707,,,,,,,,0,1
938,26,361,10304,1647.36,3.281593625498008,591,23,-252.86,0.0,0.0,7,GROCERY,1010.04,2,0,0.0439932318104906,,,,,,,,0,1
939,154,939,26689,5254.66,2.2777026441265718,625,68,-1339.17,-10.08,-0.75,6,GROCERY,3047.91,2,0,0.2464,45-54,U,75-99K,Homeowner,2 Adults No Kids,2,None/Unknown,1,2
940,65,336,578,1261.62,2.407671755725191,578,48,-201.67,-1.0,0.0,4,GROCERY,894.97,1,0,0.1124567474048442,,,,,,,,0,1
941,122,496,83663,2206.06,3.404413580246913,611,61,-271.82,-1.0,0.0,9,GROCERY,1078.39,5,0,0.1996726677577741,19-24,A,200-249K,Unknown,2 Adults No Kids,2,None/Unknown,0,1
942,215,1014,32713,5890.14,2.714350230414747,596,65,-774.21,-8.0,-5.7,8,GROCERY,3386.17,7,0,0.360738255033557,,,,,,,,1,2
943,144,780,103393,3434.14,2.4065451997196914,626,46,-692.28,-9.19,-2.2,6,GROCERY,2039.96,3,0,0.2300319488817891,,,,,,,,0,2
944,104,451,347791,2859.76,4.454454828660436,631,58,-360.44,-1.65,-0.45,5,GROCERY,1051.99,1,0,0.1648177496038035,,,,,,,,0,1
945,51,390,23817,1926.03,3.326476683937824,636,38,-320.77,-5.8,-1.2,2,GROCERY,869.78,0,0,0.080188679245283,,,,,,,,0,1
946,136,749,1468,2530.45,2.099958506224066,686,70,-540.04,-3.55,-0.45,15,GROCERY,1363.35,3,0,0.1982507288629737,19-24,U,Under 15K,Unknown,Single Female,1,None/Unknown,0,2
947,221,356,16759,2305.51,2.4319725738396625,701,91,-302.8,-38.27,-4.7,7,GROCERY,1476.25,7,4,0.3152639087018545,65+,B,35-49K,Homeowner,Single Male,1,None/Unknown,1,2
948,4,100,146,304.85,2.849065420560748,320,2,-74.48,0.0,0.0,3,GROCERY,209.86,0,0,0.0125,,,,,,,,0,1
949,134,923,498432,5799.97,2.926321897073663,591,71,-828.28,-40.88,-11.4,5,GROCERY,2905.18,8,3,0.2267343485617597,25-34,U,50-74K,Homeowner,2 Adults No Kids,2,None/Unknown,1,2
950,58,491,40210,2027.0,2.7026666666666666,527,39,-342.34,-1.0,0.0,7,GROCERY,1014.82,0,0,0.1100569259962049,,,,,,,,0,1
951,18,149,45450,690.22,3.730918918918919,693,17,-77.78,0.0,0.0,3,GROCERY,248.35,0,0,0.0259740259740259,,,,,,,,0,1
952,111,566,37449,2201.47,2.49317100792752,607,60,-340.21,-2.5,0.0,12,GROCERY,1475.09,4,0,0.1828665568369028,,,,,,,,0,2
953,114,669,15271,2513.39,2.629069037656904,679,61,-543.4,-25.75,-0.25,10,GROCERY,1307.16,2,0,0.1678939617083946,,,,,,,,0,2
954,53,649,1301,2537.43,2.550180904522613,635,43,-877.22,-12.05,-1.0,3,GROCERY,1599.45,3,2,0.0834645669291338,,,,,,,,0,1
955,274,881,78697,4053.69,2.197121951219512,653,87,-677.5,-9.95,-2.95,18,GROCERY,2542.99,7,0,0.4196018376722817,19-24,U,Under 15K,Unknown,Single Female,1,None/Unknown,1,2
956,621,1010,1090454,10231.93,4.066744833068363,660,94,-1155.07,-3.95,-1.45,6,GROCERY,3333.54,4,1,0.9409090909090908,45-54,U,50-74K,Homeowner,2 Adults No Kids,2,None/Unknown,1,2
957,576,802,75981,3754.9,2.506608811748998,681,93,-696.29,-6.34,-0.45,12,GROCERY,1659.25,4,0,0.8458149779735683,,,,,,,,1,2
958,11,98,136,313.37,2.874954128440367,603,8,-60.47,0.0,0.0,1,GROCERY,214.17,0,0,0.0182421227197346,,,,,,,,0,1
959,60,197,70472,1074.69,3.368934169278997,601,36,-121.1,-15.35,-2.35,4,GROCERY,579.77,0,0,0.0998336106489184,,,,,,,,0,1
960,106,325,15810,2447.49,4.032108731466228,677,65,-221.65,-1.5,0.0,6,GROCERY,1624.54,5,0,0.156573116691285,35-44,A,125-149K,Homeowner,2 Adults Kids,5+,3+,0,2
961,72,765,1467,3956.27,3.364175170068027,593,51,-350.33,-1.5,0.0,3,GROCERY,2039.67,8,0,0.1214165261382799,,,,,,,,0,2
962,53,390,712,1530.44,2.387581903276131,580,39,-511.82,0.0,0.0,6,GROCERY,676.33,0,0,0.0913793103448275,,,,,,,,0,1
963,43,395,150550,2036.66,3.123711656441718,556,35,-266.07,-2.5,-1.0,2,GROCERY,1012.88,0,0,0.0773381294964028,,,,,,,,0,1
964,88,463,4158,2044.85,2.540186335403727,606,42,-332.23,-5.15,-1.05,4,GROCERY,1331.88,1,0,0.1452145214521452,,,,,,,,0,1
965,52,442,861,1764.07,2.9798479729729728,698,33,-410.44,-6.8,-1.8,2,GROCERY,817.23,1,0,0.0744985673352435,,,,,,,,0,1
966,16,32,57,202.06,4.0412,564,16,-31.3,0.0,0.0,3,DRUG GM,117.52,0,0,0.0283687943262411,,,,,,,,0,1
967,10,109,147,299.38,2.5371186440677964,577,8,-69.56,0.0,0.0,3,GROCERY,185.05,0,0,0.0173310225303292,,,,,,,,0,1
968,167,1549,5104,9805.11,2.7350376569037658,676,87,-2075.91,-13.29,-1.0,5,GROCERY,6116.35,10,1,0.2470414201183432,35-44,B,35-49K,Renter,1 Adult Kids,2,1,1,2
969,8,95,184,311.59,2.415426356589147,624,8,-50.29,-0.55,-0.45,1,GROCERY,176.05,0,0,0.0128205128205128,,,,,,,,0,1
970,15,143,35743,691.45,3.564175257731959,606,15,-109.7,0.0,0.0,2,GROCERY,398.16,0,0,0.0247524752475247,,,,,,,,0,1
971,126,856,6591,3676.15,2.711025073746313,661,73,-461.71,0.0,0.0,3,GROCERY,2138.16,3,0,0.1906202723146747,25-34,A,35-49K,Homeowner,2 Adults Kids,3,1,0,2
972,197,665,119871,4219.18,3.270682170542636,619,78,-513.46,-20.09,-2.4,7,GROCERY,2437.36,7,1,0.3182552504038772,,,,,,,,1,2
973,84,1617,116682,13486.32,3.762924107142857,615,59,-1553.91,-9.5,-0.5,5,NUTRITION,5535.49,9,0,0.1365853658536585,35-44,A,50-74K,Homeowner,2 Adults Kids,4,2,1,2
974,43,474,26225,1993.06,3.188896,642,30,-336.04,-3.0,-0.5,6,GROCERY,1032.2,0,0,0.0669781931464174,,,,,,,,0,1
975,182,346,563318,4769.31,4.179938650306749,602,79,-473.13,0.0,0.0,4,GROCERY,2210.91,4,0,0.3023255813953488,,,,,,,,0,2
976,82,1025,19992,6190.51,3.366237085372485,638,51,-643.1,-14.0,-5.1,4,GROCERY,3073.87,3,0,0.128526645768025,25-34,A,200-249K,Homeowner,2 Adults Kids,5+,3+,0,2
977,34,360,544,1036.52,2.433145539906103,583,25,-215.67,0.0,0.0,5,GROCERY,630.04,0,0,0.0583190394511149,,,,,,,,0,1
978,71,698,1078,3014.35,3.169663512092534,601,49,-407.96,0.0,0.0,9,GROCERY,1363.27,3,0,0.1181364392678868,,,,,,,,0,1
979,205,2093,382868,12854.66,2.852154426447748,686,88,-2862.08,-442.54,-49.69,14,GROCERY,5562.68,13,26,0.2988338192419825,35-44,B,35-49K,Homeowner,1 Adult Kids,2,1,1,2
980,29,305,32587,1330.22,3.455116883116883,628,21,-273.58,-1.1,-0.9,4,GROCERY,721.78,0,0,0.0461783439490445,,,,,,,,0,1
981,36,238,523,1394.11,3.66871052631579,610,31,-232.52,0.0,0.0,4,GROCERY,766.7,0,0,0.0590163934426229,45-54,A,25-34K,Homeowner,Single Female,2,None/Unknown,0,1
982,412,1566,1329976,18790.34,3.2363658284533243,644,93,-2396.57,-206.36,-45.55,9,GROCERY,8167.35,14,16,0.639751552795031,45-54,U,35-49K,Unknown,2 Adults Kids,4,2,1,2
983,196,1055,1830,3807.15,2.398960302457467,647,78,-837.61,-42.65,-12.1,2,GROCERY,2267.81,6,2,0.3029366306027821,45-54,A,35-49K,Homeowner,2 Adults Kids,3,1,1,2
984,32,354,652,1219.71,2.890308056872038,613,25,-423.22,-3.4,-1.9,6,GROCERY,631.88,1,0,0.0522022838499184,,,,,,,,0,1
985,110,624,69156,2057.47,2.5245030674846625,707,63,-523.39,-16.23,-3.2,11,GROCERY,1087.22,0,0,0.1555869872701555,,,,,,,,0,2
986,90,338,814,1827.87,2.794908256880734,667,64,-442.81,0.0,0.0,4,GROCERY,1012.4,2,0,0.1349325337331334,25-34,U,35-49K,Unknown,Single Male,1,None/Unknown,0,1
987,75,545,1005,2334.53,3.1892486338797816,671,49,-451.63,-0.55,-0.45,10,GROCERY,1294.34,3,0,0.1117734724292101,,,,,,,,0,2
988,196,1027,504717,6109.18,3.3347052401746726,701,72,-1641.11,-137.53,-38.2,4,GROCERY,3671.44,5,4,0.2796005706134094,,,,,,,,1,2
989,174,1190,58639,4663.38,2.907344139650873,661,76,-968.16,-18.37,-1.1,6,GROCERY,2391.61,8,0,0.2632375189107413,,,,,,,,1,2
990,16,53,32962,247.12,4.051147540983607,485,14,-25.33,0.0,0.0,4,GROCERY,93.17,0,0,0.0329896907216494,,,,,,,,0,1
991,31,67,21557,1419.88,16.32045977011494,621,20,-39.92,-1.0,0.0,2,DRUG GM,1209.4,0,0,0.0499194847020934,,,,,,,,0,2
992,102,175,36265,823.35,3.5336909871244635,607,41,-57.67,0.0,0.0,4,GROCERY,347.15,0,0,0.1680395387149917,45-54,A,35-49K,Homeowner,2 Adults Kids,3,1,0,1
993,126,674,10730,3064.87,2.405706436420722,602,72,-613.14,-16.0,-2.9,6,GROCERY,1878.66,8,6,0.2093023255813953,55-64,A,50-74K,Homeowner,1 Adult Kids,5+,3+,0,2
994,21,192,283,581.45,2.5957589285714286,684,19,-104.09,0.0,0.0,7,GROCERY,311.56,0,0,0.0307017543859649,,,,,,,,0,1
995,21,334,423,1217.16,3.1451162790697675,633,21,-186.34,-1.0,0.0,1,GROCERY,676.14,3,0,0.0331753554502369,,,,,,,,0,1
996,139,437,7844,2220.85,2.367643923240938,697,75,-470.08,-42.0,0.0,4,GROCERY,908.47,5,0,0.1994261119081779,55-64,A,25-34K,Homeowner,2 Adults No Kids,2,None/Unknown,0,2
997,92,820,105525,4646.81,3.083483742534838,678,62,-446.15,-1.5,-0.5,10,GROCERY,3067.09,10,0,0.135693215339233,45-54,U,75-99K,Homeowner,Single Male,1,None/Unknown,1,2
998,250,1482,288410,8305.39,3.1376615035889683,608,79,-1934.39,-49.09,-8.9,6,GROCERY,4367.46,10,1,0.4111842105263157,,,,,,,,1,2
999,57,557,1003,2154.25,2.899394347240915,692,39,-409.39,-10.81,-0.45,5,GROCERY,1324.13,3,0,0.0823699421965317,,,,,,,,0,1
1000,138,573,82609,4150.76,2.1892194092827006,657,77,-544.84,-3.75,-0.25,3,GROCERY,2661.71,3,4,0.2100456621004566,,,,,,,,0,2
1001,90,673,1736,4082.0,3.8582230623818528,694,51,-462.55,-15.24,-4.8,2,GROCERY,2703.9700000000003,3,0,0.1296829971181556,45-54,U,50-74K,Homeowner,Unknown,1,None/Unknown,0,2
1002,30,341,490,973.93,2.346819277108434,638,26,-174.25,0.0,0.0,9,GROCERY,569.15,0,0,0.0470219435736677,,,,,,,,0,1
1003,63,556,1055,2588.73,3.195962962962963,655,39,-593.97,-3.5,0.0,2,GROCERY,1084.4,2,0,0.0961832061068702,35-44,U,25-34K,Unknown,Single Female,1,None/Unknown,0,1
1004,253,394,451771,3708.72,4.4204052443384985,626,83,-437.8,0.0,0.0,9,GROCERY,1878.86,5,0,0.4041533546325878,25-34,U,15-24K,Unknown,Single Male,1,None/Unknown,1,2
1005,180,429,1533,2470.09,1.8419761372110368,596,73,-612.73,-2.0,-1.0,2,GROCERY,1354.91,3,5,0.3020134228187919,,,,,,,,0,2
1006,11,47,10962,161.48,3.2955102040816326,609,10,-68.26,-5.0,0.0,2,GROCERY,74.96,0,0,0.0180623973727422,,,,,,,,0,1
1007,122,511,6539,1368.97,1.9146433566433567,636,69,-302.83,-1.0,0.0,9,GROCERY,784.45,4,0,0.1918238993710692,,,,,,,,0,2
1008,40,93,116559,511.12,4.4835087719298246,612,28,-38.12,0.0,0.0,5,KIOSK-GAS,261.13,0,0,0.065359477124183,,,,,,,,0,1
1009,23,58,123,125.52,1.5307317073170732,517,21,-21.28,0.0,0.0,4,PRODUCE,65.53,0,0,0.0444874274661508,,,,,,,,0,1
1010,91,512,273587,2486.39,2.967052505966587,624,56,-304.19,0.0,0.0,2,GROCERY,1206.34,1,0,0.1458333333333333,,,,,,,,0,1
1011,140,670,221735,3495.2,3.505717151454363,661,81,-389.94,-9.3,-1.2,9,GROCERY,1473.47,4,3,0.2118003025718608,,,,,,,,0,2
1012,121,675,126914,2342.51,2.632033707865169,614,59,-410.79,-2.55,-0.45,3,GROCERY,1092.66,4,1,0.1970684039087948,35-44,A,35-49K,Unknown,Unknown,5+,3+,0,1
1013,35,300,2845,947.03,2.793598820058997,654,26,-187.21,-0.5,-0.5,5,GROCERY,553.38,0,0,0.0535168195718654,,,,,,,,0,1
1014,161,1205,67481,4199.76,2.507319402985075,640,77,-659.79,-8.64,-4.85,7,GROCERY,2051.33,7,0,0.2515625,45-54,A,15-24K,Unknown,2 Adults Kids,4,2,1,2
1015,108,628,19608,3807.72,2.316131386861314,664,82,-732.63,-19.2,-6.1,2,GROCERY,2520.71,5,4,0.1626506024096385,45-54,U,50-74K,Homeowner,Unknown,1,None/Unknown,0,2
1016,40,572,19045,3089.84,3.997205692108668,651,27,-311.36,0.0,0.0,3,GROCERY,1722.53,4,0,0.0614439324116743,,,,,,,,0,1
1017,63,892,1784,3436.26,2.491849166062364,672,52,-568.98,-21.93,-3.55,2,GROCERY,2313.61,4,1,0.09375,,,,,,,,0,2
1018,167,393,37889,2138.59,3.546583747927032,671,75,-299.54,-13.64,-2.95,5,GROCERY,1269.84,5,0,0.2488822652757079,45-54,A,35-49K,Homeowner,2 Adults Kids,5+,3+,0,2
1019,53,341,594,1553.56,3.3554211663066957,691,36,-263.37,0.0,0.0,9,GROCERY,629.69,1,0,0.0767004341534008,,,,,,,,0,1
1020,171,1521,43965,9561.46,2.896534383520146,626,79,-1441.88,-13.18,-0.5,3,GROCERY,5163.05,5,1,0.2731629392971246,45-54,A,25-34K,Homeowner,2 Adults No Kids,2,None/Unknown,1,2
1021,99,454,876,2086.12,2.9716809116809118,607,50,-262.67,-3.5,0.0,3,GROCERY,1167.28,1,0,0.1630971993410214,35-44,A,50-74K,Homeowner,2 Adults Kids,5+,3+,0,1
1022,36,97,152,263.27,2.0408527131782943,539,20,-58.1,0.0,0.0,5,GROCERY,125.9,0,0,0.0667903525046382,,,,,,,,0,1
1023,603,1620,4479917,38319.79,8.70310924369748,603,84,-2136.77,-79.14,-10.55,12,GROCERY,11956.01,0,0,1.0,,,,,,,,1,2
1024,145,1143,110359,9448.75,3.845645095645096,632,67,-2032.05,-60.18,-9.8,8,GROCERY,4627.2,7,1,0.2294303797468354,25-34,A,Under 15K,Homeowner,2 Adults Kids,4,2,1,2
1025,81,899,1856,3552.13,2.587130371449381,651,45,-760.46,-5.0,0.0,2,GROCERY,2477.95,3,0,0.1244239631336405,,,,,,,,0,2
1026,26,133,257,412.54,1.936807511737089,424,19,-132.83,0.0,0.0,4,GROCERY,296.33,0,0,0.0613207547169811,,,,,,,,0,1
1027,41,242,490,1064.99,3.095901162790698,656,34,-202.51,-10.1,-0.6,8,GROCERY,605.29,0,0,0.0625,,,,,,,,0,1
1028,12,46,94,121.91,1.7415714285714283,524,12,-15.1,-0.55,-0.45,2,GROCERY,71.93,0,0,0.0229007633587786,,,,,,,,0,1
1029,276,974,1496204,13785.55,3.6344713946744,615,86,-1330.06,-64.06,-6.15,5,GROCERY,6219.89,13,4,0.448780487804878,,,,,,,,1,2
1030,30,223,439,1260.29,3.93840625,583,28,-114.25,-1.0,0.0,5,GROCERY,546.5600000000001,0,0,0.0514579759862778,,,,,,,,0,1
1031,146,588,382638,4232.12,3.7685841495992873,488,47,-333.5,-2.0,0.0,5,GROCERY,1573.31,2,0,0.2991803278688524,35-44,A,75-99K,Homeowner,2 Adults No Kids,2,None/Unknown,0,2
1032,92,467,16961,2473.76,3.883453689167976,563,53,-218.74,-9.6,-0.35,7,GROCERY,1297.18,7,0,0.1634103019538188,,,,,,,,0,1
1033,26,298,572,1366.97,3.4089027431421446,562,21,-468.01,-10.08,0.0,3,GROCERY,650.61,0,0,0.0462633451957295,,,,,,,,0,1
1034,70,184,57814,840.87,3.024712230215828,649,43,-102.62,-5.6,0.0,2,GROCERY,304.45,2,0,0.1078582434514637,,,,,,,,0,1
1035,4,35,57,183.04,5.2297142857142855,195,3,-11.79,0.0,0.0,3,GROCERY,64.3,0,0,0.0205128205128205,,,,,,,,0,1
1036,27,250,495,1231.17,3.0175735294117647,555,21,-146.73,0.0,0.0,3,GROCERY,836.97,0,0,0.0486486486486486,,,,,,,,0,1
1037,33,157,549,1076.69,6.117556818181819,690,28,-87.08,0.0,0.0,9,GROCERY,557.97,0,0,0.0478260869565217,,,,,,,,0,1
1038,275,465,1128,1602.0,1.6774869109947643,620,75,-323.8,0.0,0.0,5,GROCERY,844.61,2,0,0.4435483870967742,55-64,U,Under 15K,Probable Renter,Single Male,1,None/Unknown,0,2
1039,82,886,1720,5168.38,3.4524916499666,600,60,-622.9,-9.25,-1.15,4,GROCERY,3301.38,4,3,0.1366666666666666,,,,,,,,0,2
1040,229,760,2042,5664.74,2.9704981646565285,662,90,-839.04,-16.25,0.0,13,GROCERY,3663.46,7,1,0.3459214501510574,25-34,B,100-124K,Unknown,Single Male,1,None/Unknown,1,2
1041,291,1527,3562,7156.7,2.6764023934181003,636,76,-1089.69,-5.6,-0.9,12,GROCERY,4087.03,8,0,0.4575471698113207,25-34,U,35-49K,Unknown,Single Male,1,None/Unknown,1,2
1042,248,1276,143299,5284.12,2.0624980483996875,670,95,-1267.57,-14.35,-2.35,11,GROCERY,2976.92,7,0,0.3701492537313433,25-34,U,75-99K,Homeowner,2 Adults No Kids,2,None/Unknown,1,2
1043,19,297,688,988.73,2.7773314606741573,559,16,-403.17,0.0,0.0,3,GROCERY,665.35,0,0,0.033989266547406,,,,,,,,0,1
1044,20,145,7775,423.51,2.3659776536312846,652,15,-95.94,-5.95,-1.95,3,GROCERY,287.12,0,0,0.0306748466257668,,,,,,,,0,1
1045,295,984,543602,4893.11,2.825121247113164,638,86,-817.63,-0.55,-0.45,9,GROCERY,2366.29,5,0,0.4623824451410658,25-34,A,Under 15K,Homeowner,Single Male,2,None/Unknown,1,2
1046,153,702,178282,4314.95,3.43546974522293,644,76,-486.46,0.0,0.0,2,GROCERY,1785.88,4,0,0.2375776397515528,,,,,,,,0,2
1047,80,299,494,1052.94,2.652241813602015,595,49,-203.99,-6.05,-0.45,6,GROCERY,526.44,2,0,0.134453781512605,,,,,,,,0,1
1048,103,315,177055,1934.45,3.698757170172084,588,41,-231.8,-10.35,-2.15,5,GROCERY,759.73,1,0,0.1751700680272108,,,,,,,,0,1
1049,55,269,413,698.06,2.059174041297935,604,35,-185.91,-1.35,-0.35,7,GROCERY,414.79,0,0,0.0910596026490066,,,,,,,,0,1
1050,135,819,688627,5134.89,3.546194751381216,593,67,-654.64,0.0,0.0,2,GROCERY,2074.06,5,0,0.2276559865092748,,,,,,,,1,2
1051,55,602,26017,2275.67,2.8445875000000003,631,36,-309.85,-9.55,-2.45,6,GROCERY,1419.93,1,0,0.0871632329635499,,,,,,,,0,1
1052,7,88,109,231.66,2.34,152,5,-31.05,-1.0,0.0,1,GROCERY,169.19,0,0,0.0460526315789473,,,,,,,,0,1
1053,96,494,35912,4616.42,3.288048433048433,600,69,-496.46,-6.11,0.0,4,GROCERY,1370.07,5,0,0.16,55-64,A,100-124K,Homeowner,2 Adults No Kids,2,None/Unknown,0,2
1054,41,299,393,1035.19,2.924265536723164,590,31,-172.05,0.0,0.0,2,GROCERY,546.94,0,0,0.0694915254237288,,,,,,,,0,1
1055,81,291,8964,1204.41,2.2767674858223064,642,56,-236.69,0.0,0.0,3,GROCERY,844.49,5,0,0.1261682242990654,,,,,,,,0,1
1056,66,755,2026,4871.09,3.4497804532577905,681,46,-796.66,0.0,0.0,7,GROCERY,2545.12,8,0,0.0969162995594713,,,,,,,,0,2
1057,184,501,3696,8219.34,3.908388017118402,656,90,-775.86,-3.25,0.0,9,GROCERY,4830.58,7,0,0.2804878048780488,35-44,U,50-74K,Unknown,Single Male,1,None/Unknown,1,2
1058,563,667,26361,3280.18,2.634682730923694,648,91,-556.96,-10.15,-0.45,3,GROCERY,1851.19,4,0,0.8688271604938271,,,,,,,,1,2
1059,5,34,36,72.91,2.083142857142857,521,4,-11.52,0.0,0.0,1,GROCERY,20.62,0,0,0.0095969289827255,,,,,,,,0,1
1060,64,595,14162,6096.93,3.059172102358254,671,58,-901.9,0.0,0.0,6,GROCERY,3796.27,9,0,0.0953800298062593,35-44,B,35-49K,Renter,2 Adults No Kids,2,None/Unknown,0,2
1061,147,951,140085,6211.67,3.3486091644204854,622,61,-1505.02,-2.3,-0.3,11,GROCERY,2932.52,3,0,0.2363344051446945,,,,,,,,1,2
1062,216,334,926,1495.76,1.900584498094028,640,88,-334.35,-3.35,-0.35,2,GROCERY,1065.24,2,0,0.3375,65+,U,15-24K,Homeowner,2 Adults No Kids,2,None/Unknown,0,1
1063,57,273,868,1327.48,3.327017543859649,537,34,-501.1,-2.5,0.0,2,GROCERY,963.34,0,0,0.106145251396648,,,,,,,,0,1
1064,44,855,1462,3074.68,2.3346089597570234,600,36,-805.11,-49.88,-11.55,4,GROCERY,1888.11,5,5,0.0733333333333333,,,,,,,,0,2
1065,50,1037,2360,5167.16,3.1817487684729064,669,42,-1107.35,-6.85,-0.25,2,GROCERY,3139.65,5,0,0.0747384155455904,,,,,,,,0,2
1066,245,580,2102,3114.34,1.9773587301587303,610,82,-665.48,-31.31,-2.05,3,GROCERY,1967.59,7,4,0.4016393442622951,35-44,U,25-34K,Unknown,2 Adults No Kids,2,None/Unknown,1,2
1067,62,892,81734,3741.92,3.0596238757154537,669,43,-724.62,-6.85,-2.35,8,GROCERY,2164.04,3,0,0.0926756352765321,,,,,,,,0,2
1068,111,438,2664,1321.85,2.286937716262976,615,38,-317.25,0.0,0.0,6,GROCERY,760.92,0,0,0.1804878048780487,,,,,,,,0,1
1069,55,523,1417,3433.27,4.233378545006166,612,46,-683.26,-0.75,-0.25,3,GROCERY,1527.75,7,0,0.0898692810457516,25-34,U,35-49K,Unknown,2 Adults No Kids,2,None/Unknown,0,1
1070,177,941,566753,5187.13,3.2997010178117048,673,80,-764.18,-5.1,-0.9,5,GROCERY,2036.29,8,0,0.263001485884101,35-44,U,50-74K,Homeowner,2 Adults No Kids,2,None/Unknown,1,2
1071,84,732,1363,2052.29,1.855596745027125,600,54,-351.26,-3.1,-0.9,6,GROCERY,1055.92,3,0,0.14,,,,,,,,0,1
1072,61,815,7287,2694.8,1.8369461486025904,591,48,-613.1899999999999,0.0,0.0,8,GROCERY,1768.43,2,0,0.1032148900169204,,,,,,,,0,1
1073,121,616,97338,3014.08,2.949197651663405,600,61,-359.7,-4.05,-0.95,4,GROCERY,1895.67,5,0,0.2016666666666666,,,,,,,,0,2
1074,132,1095,142911,7769.22,3.3074584929757345,589,74,-1671.04,-13.49,-1.4,4,GROCERY,4539.74,6,4,0.2241086587436332,45-54,A,35-49K,Homeowner,2 Adults Kids,4,2,1,2
1075,67,329,23684,1469.02,3.2644888888888888,639,43,-384.32,-13.77,-3.65,5,GROCERY,648.29,1,0,0.1048513302034428,,,,,,,,0,1
1076,86,377,669,2241.01,4.119503676470589,613,54,-253.12,-1.0,0.0,6,GROCERY,1232.18,1,0,0.1402936378466558,25-34,B,35-49K,Homeowner,2 Adults No Kids,2,None/Unknown,0,1
1077,36,159,124248,1492.81,4.416597633136094,428,26,-207.29,-4.0,0.0,3,GROCERY,841.0,0,0,0.0841121495327102,,,,,,,,0,1
1078,250,945,873099,6885.69,3.507738155883851,596,79,-862.33,-21.86,-4.05,3,GROCERY,2927.33,9,0,0.4194630872483221,,,,,,,,1,2
1079,50,145,126339,1001.3,4.70093896713615,580,34,-162.42,-2.5,0.0,3,MISC SALES TRAN,276.53000000000003,0,0,0.0862068965517241,,,,,,,,0,1
1080,84,460,1010,2206.11,3.36297256097561,668,40,-459.07,-1.4,-0.4,5,GROCERY,909.25,0,0,0.1257485029940119,,,,,,,,0,1
1081,139,1489,15418,10201.55,3.534840609840609,629,77,-1239.13,-23.13,-7.6,6,GROCERY,4408.11,8,2,0.2209856915739268,55-64,A,75-99K,Homeowner,2 Adults No Kids,2,None/Unknown,1,2
1082,142,469,61518,2032.54,1.8261814914645105,691,86,-535.6,-4.5,0.0,2,GROCERY,1488.71,6,0,0.2054992764109985,45-54,U,35-49K,Unknown,Single Male,1,None/Unknown,0,2
1083,54,282,5514,1396.93,3.666482939632546,685,40,-352.86,-2.65,-0.65,6,GROCERY,609.17,1,1,0.0788321167883211,,,,,,,,0,1
1084,225,386,1171,2363.16,2.682360953461975,659,78,-322.73,-2.0,0.0,18,GROCERY,1346.19,6,0,0.3414264036418816,25-34,U,35-49K,Unknown,2 Adults Kids,3,1,0,2
1085,106,1137,264702,4806.0,2.6190735694822886,593,61,-857.63,-1.0,0.0,6,GROCERY,2479.93,7,0,0.178752107925801,,,,,,,,1,2
1086,30,272,15990,1188.61,3.152811671087533,624,25,-222.19,-4.25,-0.25,4,GROCERY,536.92,0,0,0.048076923076923,,,,,,,,0,1
1087,149,701,185648,3010.24,3.1226556016597518,572,61,-741.38,-18.54,-0.45,10,GROCERY,1436.52,6,0,0.2604895104895104,,,,,,,,0,2
1088,91,219,23356,1439.61,2.110865102639296,669,61,-442.58,0.0,0.0,12,GROCERY,962.85,2,0,0.1360239162929745,,,,,,,,0,2
1089,96,636,86503,2404.98,2.675172413793104,660,52,-421.99,-2.5,0.0,3,GROCERY,1423.77,1,0,0.1454545454545454,,,,,,,,0,1
1090,12,81,118,307.87,3.4592134831460672,592,10,-37.32,0.0,0.0,3,GROCERY,98.25,0,0,0.0202702702702702,,,,,,,,0,1
1091,116,722,723929,5617.4,4.6540182270091135,580,58,-461.04,-1.54,-0.45,4,GROCERY,2105.08,5,0,0.2,45-54,A,75-99K,Homeowner,2 Adults No Kids,2,None/Unknown,0,2
1092,42,210,4869,944.69,2.9800946372239747,623,28,-177.31,-0.65,-0.35,4,GROCERY,731.73,0,0,0.0674157303370786,,,,,,,,0,1
1093,33,247,456,993.76,2.807231638418079,633,22,-205.71,-1.0,0.0,4,GROCERY,539.07,0,0,0.0521327014218009,,,,,,,,0,1
1094,95,1044,21012,5935.57,3.357222850678733,690,63,-1083.39,-11.25,-4.05,7,GROCERY,3092.69,8,0,0.1376811594202898,45-54,A,75-99K,Homeowner,2 Adults Kids,5+,3+,1,2
1095,30,140,195,599.54,3.843205128205128,625,25,-42.37,0.0,0.0,1,GROCERY,388.19,0,0,0.048,,,,,,,,0,1
1096,47,154,291,592.36,2.3049027237354087,679,21,-76.94,0.0,0.0,5,GROCERY,214.39,0,0,0.0692194403534609,,,,,,,,0,1
1097,165,1114,557576,8806.33,4.936283632286996,665,74,-1129.15,-4.0,0.0,4,GROCERY,2956.97,4,0,0.2481203007518796,,,,,,,,1,2
1098,449,1096,596439,9500.7,2.8453728661275832,661,95,-1743.88,-214.16,-27.71,12,GROCERY,5205.81,7,16,0.6792738275340393,,,,,,,,1,2
1099,28,153,8089,683.13,3.0910859728506788,549,21,-185.45,0.0,0.0,6,GROCERY,497.53,0,0,0.0510018214936247,,,,,,,,0,1
1100,26,44,51085,313.41,6.529375000000001,589,22,-10.91,0.0,0.0,5,GROCERY,139.51,0,0,0.0441426146010186,,,,,,,,0,1
1101,16,64,19371,190.78,2.8906060606060606,583,13,-43.22,0.0,0.0,8,GROCERY,87.3,0,0,0.0274442538593482,,,,,,,,0,1
1102,81,597,945,2263.4,2.8470440251572326,680,58,-669.11,-4.6,-0.9,2,GROCERY,934.44,2,0,0.1191176470588235,,,,,,,,0,1
1103,204,902,473085,6104.1900000000005,3.605546367395157,592,80,-717.1,-5.5,0.0,4,GROCERY,3074.81,6,0,0.3445945945945945,35-44,A,50-74K,Homeowner,2 Adults Kids,3,1,1,2
1104,118,690,5752,3378.16,3.0351841868823,652,69,-448.41,-4.0,-0.5,4,GROCERY,1954.21,8,0,0.1809815950920245,,,,,,,,0,2
1105,9,146,15498,500.14,3.165443037974684,625,5,-69.99,-1.0,0.0,1,GROCERY,287.06,0,0,0.0144,,,,,,,,0,1
1106,38,171,301,683.26,3.54020725388601,675,28,-139.39,0.0,0.0,5,GROCERY,313.35,0,0,0.0562962962962962,,,,,,,,0,1
1107,22,233,497,877.32,3.1221352313167263,639,18,-223.32,0.0,0.0,7,GROCERY,553.46,0,0,0.0344287949921752,,,,,,,,0,1
1108,22,111,158,292.1,2.37479674796748,608,16,-58.63,0.0,0.0,2,GROCERY,201.35,0,0,0.0361842105263157,,,,,,,,0,1
1109,87,538,1344,3059.0,2.891304347826087,623,63,-470.32,-6.35,0.0,8,GROCERY,1474.81,0,0,0.1396468699839486,,,,,,,,0,1
1110,133,727,1403,5508.47,5.714180497925312,696,56,-1296.54,-406.08,-54.93,3,DRUG GM,3423.59,1,0,0.1910919540229885,,,,,,,,1,2
1111,321,1668,11216,18894.72,2.873284671532847,675,95,-2528.66,-12.04,-0.45,3,GROCERY,11118.28,12,0,0.4755555555555555,,,,,,,,1,2
1112,52,293,225082,1889.45,4.323684210526316,580,37,-158.68,-5.25,-0.75,2,GROCERY,857.45,0,0,0.0896551724137931,,,,,,,,0,1
1113,176,829,36199,4391.3,3.10339222614841,639,77,-1047.75,-56.44,-18.45,9,GROCERY,2855.01,7,5,0.2754303599374021,45-54,A,50-74K,Homeowner,2 Adults Kids,3,1,1,2
1114,44,301,499,970.95,2.5089147286821705,684,34,-251.05,-3.59,-0.9,3,GROCERY,570.14,0,0,0.0643274853801169,,,,,,,,0,1
1115,51,282,127133,1828.64,5.285086705202312,659,25,-149.88,-1.85,-0.85,4,GROCERY,1053.37,0,0,0.0773899848254931,,,,,,,,0,1
1116,64,504,9062,2779.14,3.4099877300613497,693,36,-573.13,-6.41,-0.3,2,GROCERY,2019.69,3,0,0.0923520923520923,,,,,,,,0,1
1117,186,738,179720,3667.44,3.4179310344827587,691,79,-472.24,-2.5,0.0,11,GROCERY,2100.7,6,0,0.2691751085383502,,,,,,,,1,2
1118,16,103,12776,945.89,7.111954887218045,530,15,-157.01,0.0,0.0,2,GROCERY,447.6,0,0,0.030188679245283,,,,,,,,0,1
1119,68,669,18754,2232.75,2.212834489593657,600,47,-644.83,-6.3,-3.6,5,GROCERY,1447.2,2,0,0.1133333333333333,,,,,,,,0,1
1120,87,493,16227,1737.84,2.5594108983799706,638,51,-312.51,-5.1,-2.35,3,GROCERY,1101.77,1,0,0.1363636363636363,35-44,B,Under 15K,Renter,2 Adults Kids,4,2,0,1
1121,61,670,1181,2486.64,2.7325714285714287,632,46,-667.7,-11.91,-2.0500000000000003,2,GROCERY,1700.94,2,0,0.0965189873417721,,,,,,,,0,1
1122,77,307,26983,1236.98,2.075469798657718,385,42,-161.4,-3.75,-0.25,6,GROCERY,881.55,3,0,0.2,,,,,,,,0,1
1123,73,526,1344,3915.81,3.931536144578313,670,53,-622.28,-4.5,0.0,4,GROCERY,2167.75,4,0,0.108955223880597,55-64,A,15-24K,Unknown,Single Female,2,None/Unknown,0,1
1124,79,583,3064,1896.39,2.298654545454545,666,42,-460.58,-5.85,-0.75,6,GROCERY,1088.26,1,0,0.1186186186186186,,,,,,,,0,1
1125,89,227,7897,691.1,2.2009554140127388,690,40,-109.56,0.0,0.0,7,GROCERY,278.67,1,0,0.1289855072463768,,,,,,,,0,1
1126,28,535,1173,2543.36,3.1555334987593056,609,26,-552.62,-3.5,0.0,2,GROCERY,1658.36,2,0,0.0459770114942528,,,,,,,,0,1
1127,29,413,664,1563.53,3.05376953125,599,24,-316.62,-5.0,0.0,6,GROCERY,871.97,2,0,0.0484140233722871,,,,,,,,0,1
1128,234,817,89059,3027.0,2.6906666666666665,696,81,-416.53,-2.5,0.0,10,GROCERY,1437.17,7,0,0.3362068965517241,25-34,U,75-99K,Unknown,2 Adults Kids,3,1,1,2
1129,73,334,112080,2401.41,3.9496875,628,55,-321.48,-11.99,-4.0,5,GROCERY,1115.88,0,0,0.1162420382165605,,,,,,,,0,1
1130,362,1549,7282,6563.15,2.786900212314225,710,98,-1622.16,-71.05,-8.2,10,GROCERY,3220.37,6,1,0.5098591549295775,55-64,U,25-34K,Renter,2 Adults Kids,3,1,1,2
1131,102,806,1331,3034.77,2.6458326068003486,692,57,-631.0,-8.0,-1.0,7,GROCERY,1474.38,4,0,0.1473988439306358,45-54,B,50-74K,Homeowner,2 Adults Kids,3,1,0,2
1132,58,537,1021,2073.62,2.648301404853129,675,36,-410.41,-1.0,0.0,8,GROCERY,1132.35,2,0,0.0859259259259259,,,,,,,,0,1
1133,115,312,14045,1377.66,3.211328671328672,681,63,-243.91,0.0,0.0,9,GROCERY,610.55,1,0,0.1688693098384728,,,,,,,,0,2
1134,51,1057,2051,5050.53,3.2437572254335256,602,36,-718.36,-17.59,-0.8,2,GROCERY,2662.11,7,0,0.0847176079734219,,,,,,,,0,2
1135,64,207,10422,748.88,2.582344827586207,677,37,-133.68,-67.43,0.0,2,GROCERY,538.87,0,0,0.0945347119645494,45-54,U,50-74K,Unknown,Unknown,2,1,0,1
1136,59,485,964,1934.11,2.865348148148148,689,44,-487.44,-6.3,-2.0,2,GROCERY,1042.22,2,0,0.0856313497822931,,,,,,,,0,1
1137,134,190,24523,2121.89,3.176482035928144,647,85,-279.64,0.0,0.0,3,DRUG GM,935.45,4,0,0.2071097372488408,65+,B,35-49K,Homeowner,Single Male,1,None/Unknown,0,1
1138,212,386,2418,4546.37,3.579818897637795,703,90,-809.47,-1.5,-0.5,4,GROCERY,3014.71,6,0,0.3015647226173542,35-44,U,15-24K,Unknown,2 Adults No Kids,2,None/Unknown,1,2
1139,92,799,2360,7539.55,4.010398936170213,650,67,-667.7,-19.85,-3.15,7,GROCERY,4511.24,7,0,0.1415384615384615,,,,,,,,1,2
1140,21,223,19561,1164.18,3.893578595317726,590,11,-183.66,-2.3000000000000003,-0.9,11,GROCERY,795.91,0,0,0.035593220338983,,,,,,,,0,1
1141,59,331,581,1137.28,2.5329175946547884,608,43,-273.45,-1.0,0.0,7,GROCERY,707.58,1,0,0.0970394736842105,,,,,,,,0,1
1142,284,1411,777132,15178.96,3.5539592601264345,670,97,-1861.62,-45.83,-5.9,2,GROCERY,8522.07,10,1,0.4238805970149253,45-54,A,50-74K,Homeowner,2 Adults No Kids,2,None/Unknown,1,2
1143,12,36,69,173.31,4.126428571428572,571,11,-55.29,-3.35,-1.85,2,GROCERY,117.67,0,0,0.021015761821366,,,,,,,,0,1
1144,24,43,16636,187.09,3.2256896551724137,680,17,-10.26,0.0,0.0,5,GROCERY,67.48,0,0,0.0352941176470588,,,,,,,,0,1
1145,81,749,1594,3875.17,3.59144578313253,697,42,-817.53,-2.5,0.0,5,GROCERY,2019.39,5,0,0.1162123385939741,,,,,,,,0,2
1146,345,1029,497218,8854.64,3.101450087565674,615,87,-2020.84,-64.07,-19.35,9,GROCERY,4075.27,9,10,0.5609756097560976,35-44,B,35-49K,Homeowner,1 Adult Kids,4,3+,1,2
1147,57,803,1522,3779.36,3.3926032315978456,632,35,-582.61,-2.5,0.0,1,GROCERY,2250.46,0,0,0.0901898734177215,19-24,U,25-34K,Unknown,2 Adults No Kids,2,None/Unknown,0,1
1148,26,103,79650,478.59,4.1257758620689655,670,25,-49.31,0.0,0.0,10,KIOSK-GAS,175.4,0,0,0.0388059701492537,,,,,,,,0,1
1149,17,58,102,307.91,4.276527777777778,584,14,-48.08,0.0,0.0,2,PRODUCE,75.29,0,0,0.0291095890410958,,,,,,,,0,1
1150,14,187,449,845.39,2.987243816254417,454,12,-153.99,0.0,0.0,2,GROCERY,519.03,0,0,0.0308370044052863,,,,,,,,0,1
1151,159,442,14347,2808.91,3.7204105960264897,672,65,-420.64,0.0,0.0,13,GROCERY,1293.51,2,0,0.2366071428571428,45-54,U,Under 15K,Probable Renter,Single Male,1,None/Unknown,0,2
1152,77,274,55278,1305.66,3.528810810810811,584,31,-219.8,-1.0,0.0,2,GROCERY,736.73,0,0,0.1318493150684931,,,,,,,,0,1
1153,65,264,614,1142.86,2.721095238095238,645,42,-285.91,0.0,0.0,8,GROCERY,486.56,1,0,0.1007751937984496,,,,,,,,0,1
1154,127,660,1873,3803.55,2.7265591397849462,645,71,-793.81,-21.05,-2.2,2,GROCERY,2215.16,5,0,0.1968992248062015,45-54,A,35-49K,Homeowner,Unknown,2,None/Unknown,0,2
1155,41,525,954,2053.02,2.9120851063829787,637,27,-569.59,-1.0,0.0,2,GROCERY,1163.58,0,0,0.06436420722135,,,,,,,,0,1
1156,29,225,376,999.33,3.9036328125,586,26,-134.72,-1.55,-0.45,5,GROCERY,357.53000000000003,0,0,0.0494880546075085,,,,,,,,0,1
1157,104,596,990,2779.86,3.130472972972973,634,63,-319.44,0.0,0.0,7,GROCERY,1507.46,3,0,0.1640378548895899,,,,,,,,0,1
1158,219,618,125690,2903.2,2.520138888888889,631,80,-734.08,-8.0,0.0,10,GROCERY,1541.48,5,0,0.347068145800317,45-54,U,15-24K,Homeowner,2 Adults No Kids,2,None/Unknown,1,2
1159,233,792,237146,4468.63,2.985056780227121,599,61,-645.9,-2.6,-1.4,13,GROCERY,1678.67,4,0,0.3889816360601001,45-54,A,15-24K,Homeowner,2 Adults No Kids,2,None/Unknown,1,2
1160,145,927,36530,4377.96,2.2719045147898287,643,72,-1010.01,0.0,0.0,11,GROCERY,2535.53,4,0,0.2255054432348367,65+,U,35-49K,Homeowner,Single Female,1,None/Unknown,1,2
1161,63,543,5360,1377.57,2.2807450331125825,686,44,-296.76,-4.99,0.0,6,GROCERY,805.32,0,0,0.0918367346938775,,,,,,,,0,1
1162,33,125,51725,431.76,2.3986666666666667,390,24,-95.16,-3.09,0.0,2,GROCERY,204.49,0,0,0.0846153846153846,,,,,,,,0,1
1163,153,996,348663,4808.01,3.277443762781186,678,80,-810.09,-7.2,-2.1,4,GROCERY,2234.35,6,0,0.2256637168141592,35-44,U,Under 15K,Unknown,Unknown,1,None/Unknown,1,2
1164,104,525,1883,4689.35,3.3931620839363243,673,72,-311.34,-3.0,0.0,1,GROCERY,1993.44,3,0,0.1545319465081723,25-34,U,15-24K,Unknown,Single Male,1,None/Unknown,0,2
1165,57,347,51732,1413.52,2.890633946830266,623,42,-290.2,-3.0,0.0,5,GROCERY,835.33,1,0,0.0914927768860353,,,,,,,,0,1
1166,409,1903,1301917,12300.62,3.2524114225277634,634,90,-2060.93,-462.59,-117.21,5,GROCERY,6110.6900000000005,11,10,0.6451104100946372,45-54,A,125-149K,Homeowner,2 Adults Kids,3,1,1,2
1167,150,1061,257101,6798.79,3.568918635170604,648,80,-792.67,-4.55,-0.45,6,GROCERY,3598.04,9,2,0.2314814814814814,35-44,U,50-74K,Homeowner,2 Adults Kids,4,2,1,2
1168,69,128,232,874.23,4.047361111111111,661,52,-67.7,-8.5,-0.5,1,GROCERY,321.17,0,0,0.1043872919818457,,,,,,,,0,1
1169,128,798,15883,5159.4,2.456857142857143,629,65,-1273.71,-5.0,-1.5,15,GROCERY,2337.81,4,0,0.2034976152623211,19-24,A,15-24K,Homeowner,2 Adults No Kids,2,None/Unknown,1,2
1170,7,19,39,68.45,3.259523809523809,593,7,-7.05,0.0,0.0,2,GROCERY,57.86,0,0,0.0118043844856661,,,,,,,,0,1
1171,34,206,12858,996.6,3.624,589,26,-82.05,0.0,0.0,8,GROCERY,559.88,0,0,0.0577249575551782,,,,,,,,0,1
1172,167,852,15422,4569.24,3.90199829205807,709,74,-604.51,-0.3,-0.3,8,GROCERY,2444.62,4,0,0.235543018335684,25-34,B,50-74K,Unknown,Single Male,1,None/Unknown,0,2
1173,41,186,51717,655.77,3.1527403846153845,636,23,-65.51,0.0,0.0,3,GROCERY,249.99,0,0,0.0644654088050314,,,,,,,,0,1
1174,122,698,1260,2156.65,2.16531124497992,626,51,-472.03,-1.0,0.0,9,GROCERY,1252.92,2,0,0.194888178913738,25-34,U,Under 15K,Unknown,2 Adults Kids,5+,3+,0,2
1175,135,701,686761,7403.51,4.321955633391711,611,76,-605.59,-6.25,-2.5,9,GROCERY,3669.5,5,5,0.220949263502455,25-34,A,50-74K,Homeowner,Single Female,2,None/Unknown,1,2
1176,16,68,90,240.85,3.440714285714286,637,9,-48.44,0.0,0.0,3,GROCERY,118.77,0,0,0.0251177394034536,,,,,,,,0,1
1177,17,94,142,337.98,2.503555555555556,587,16,-28.15,0.0,0.0,1,DRUG GM,119.02,0,0,0.0289608177172061,,,,,,,,0,1
1178,212,883,256669,5022.28,3.073610771113831,669,97,-1344.16,-13.89,-0.5,13,GROCERY,2537.9,8,0,0.3168908819133034,45-54,U,15-24K,Unknown,Single Female,1,None/Unknown,1,2
1179,205,1371,582706,9428.4,3.5485133609333834,622,83,-1476.52,-36.68,-2.1,13,GROCERY,3568.97,7,0,0.3295819935691318,35-44,A,50-74K,Homeowner,2 Adults No Kids,2,None/Unknown,1,2
1180,166,766,509201,5430.04,3.668945945945946,609,70,-789.95,0.0,0.0,10,GROCERY,2346.37,4,0,0.2725779967159277,,,,,,,,1,2
1181,89,674,19709,2196.58,2.429845132743363,660,54,-452.13,-7.75,-2.35,10,GROCERY,1366.36,3,0,0.1348484848484848,,,,,,,,0,2
1182,124,493,58951,1966.38,2.9748562783661123,637,51,-295.26,-1.0,0.0,8,GROCERY,1137.83,3,0,0.1946624803767661,,,,,,,,0,1
1183,9,119,202,260.04,1.898102189781022,589,6,-91.98,-4.04,-0.25,3,GROCERY,187.57,0,0,0.0152801358234295,,,,,,,,0,1
1184,13,198,5079,713.9,3.1870535714285717,683,11,-148.34,0.0,0.0,2,GROCERY,377.83,1,0,0.0190336749633967,,,,,,,,0,1
1185,61,329,5507,1334.18,3.0741474654377883,696,36,-246.64,0.0,0.0,5,GROCERY,812.23,0,0,0.0876436781609195,,,,,,,,0,1
1186,79,971,132643,6060.38,4.430102339181286,677,55,-616.17,-5.1,-1.4,3,GROCERY,1990.55,5,0,0.1166912850812407,45-54,A,50-74K,Homeowner,1 Adult Kids,5+,3+,0,2
1187,133,604,1648,2996.18,2.474137076796036,639,57,-428.43,-7.79,0.0,11,GROCERY,1584.73,6,0,0.2081377151799687,,,,,,,,0,2
1188,149,1248,14338,3722.22,1.631836913634371,599,68,-1207.73,-8.69,-1.0,2,GROCERY,2486.13,3,0,0.2487479131886477,45-54,U,35-49K,Renter,Unknown,1,None/Unknown,0,2
1189,51,215,389,954.21,3.4952747252747254,643,38,-123.24,0.0,0.0,2,GROCERY,256.55,0,0,0.0793157076205287,,,,,,,,0,1
1190,253,826,232630,3327.02,2.7587230514096186,646,85,-549.47,-11.6,-2.15,5,GROCERY,1464.73,7,0,0.391640866873065,25-34,U,35-49K,Homeowner,2 Adults No Kids,2,None/Unknown,1,2
1191,98,441,994,2485.87,3.068975308641975,614,60,-323.06,0.0,0.0,4,GROCERY,1223.38,2,0,0.1596091205211726,,,,,,,,0,1
1192,100,325,180292,1482.54,3.244070021881838,647,54,-242.39,-5.09,-0.25,7,GROCERY,815.05,0,0,0.1545595054095827,,,,,,,,0,1
1193,219,886,9467,4723.65,2.978341740226986,650,69,-1086.75,-28.54,-1.9,7,GROCERY,3204.93,3,0,0.3369230769230769,,,,,,,,1,2
1194,62,400,652,1276.74,2.3298175182481757,614,43,-255.25,0.0,0.0,9,GROCERY,619.53,0,0,0.1009771986970684,,,,,,,,0,1
1195,41,278,44928,1271.09,3.444688346883469,669,27,-172.95,0.0,0.0,6,GROCERY,678.45,0,0,0.0612855007473841,,,,,,,,0,1
1196,27,378,722,1915.95,3.509065934065934,623,27,-224.99,0.0,0.0,2,GROCERY,1208.64,0,0,0.0433386837881219,,,,,,,,0,1
1197,160,1119,453301,7988.73,4.018475855130785,655,76,-966.56,-274.59,-41.04,11,GROCERY,3656.48,6,18,0.2442748091603053,35-44,A,150-174K,Homeowner,2 Adults No Kids,2,None/Unknown,1,2
1198,44,203,369,1004.6,3.44041095890411,589,38,-244.13,-1.55,-1.45,5,GROCERY,644.21,0,0,0.0747028862478777,,,,,,,,0,1
1199,7,40,53,163.57,3.4802127659574467,177,6,-22.25,0.0,0.0,1,GROCERY,60.0,0,0,0.03954802259887,,,,,,,,0,1
1200,30,438,660,1619.45,2.912679856115108,618,25,-363.45,-1.25,-0.75,4,GROCERY,758.41,0,0,0.0485436893203883,,,,,,,,0,1
1201,38,169,5566,537.6,2.937704918032787,660,31,-103.23,-17.35,-1.65,2,GROCERY,319.11,0,0,0.0575757575757575,,,,,,,,0,1
1202,25,88,14328,587.47,4.589609375,665,22,-116.46,-14.83,-0.85,4,GROCERY,361.14,0,0,0.037593984962406,,,,,,,,0,1
1203,173,910,104260,6385.44,3.2071521848317426,627,79,-886.42,-17.78,-3.8,8,GROCERY,3193.04,6,0,0.2759170653907496,,,,,,,,1,2
1204,81,469,8830,2043.13,3.3275732899022805,630,48,-553.71,-5.5,0.0,5,GROCERY,945.95,2,0,0.1285714285714285,,,,,,,,0,1
1205,186,945,8566,4383.72,2.6910497237569064,636,73,-1078.89,-6.11,-0.5,7,GROCERY,2252.66,0,0,0.2924528301886792,,,,,,,,0,2
1206,381,1325,2827,6172.13,2.4978267907729665,651,90,-1274.11,-9.35,-2.15,7,GROCERY,3463.82,6,0,0.5852534562211982,,,,,,,,1,2
1207,108,199,411,765.37,2.271127596439169,629,64,-241.45,-22.69,-2.5,2,GROCERY,420.67,3,0,0.1717011128775834,,,,,,,,0,1
1208,54,353,16511,1078.06,2.4726146788990824,603,32,-165.14,0.0,0.0,3,GROCERY,536.89,0,0,0.0895522388059701,,,,,,,,0,1
1209,23,86,131,361.42,3.6879591836734695,604,16,-43.28,-1.7999999999999998,-1.2000000000000002,4,GROCERY,173.08,0,0,0.0380794701986755,,,,,,,,0,1
1210,37,306,585,921.33,2.393064935064935,627,28,-225.14,0.0,0.0,3,GROCERY,578.28,0,0,0.0590111642743221,,,,,,,,0,1
1211,168,516,455784,9045.04,6.242263630089718,657,86,-958.24,-12.75,-0.75,8,GROCERY,4077.97,3,0,0.2557077625570776,,,,,,,,1,2
1212,6,84,108,195.27,2.1225,601,6,-43.23,0.0,0.0,1,GROCERY,137.01,0,0,0.0099833610648918,,,,,,,,0,1
1213,46,143,55298,622.22,3.345268817204301,674,35,-83.09,-2.0,0.0,2,GROCERY,272.69,0,0,0.0682492581602373,,,,,,,,0,1
1214,7,26,51,122.95,4.553703703703704,620,7,-21.43,0.0,0.0,1,GROCERY,54.94,0,0,0.0112903225806451,,,,,,,,0,1
1215,15,170,305,786.45,4.0960937500000005,588,11,-86.22,0.0,0.0,2,GROCERY,344.2,0,0,0.0255102040816326,,,,,,,,0,1
1216,134,1175,2462,5303.53,2.6112900049236827,616,70,-912.05,-14.67,0.0,2,GROCERY,2869.77,11,0,0.2175324675324675,,,,,,,,1,2
1217,54,675,89386,2656.9,2.730626927029805,604,40,-597.08,-7.0,0.0,2,GROCERY,1362.48,1,0,0.0894039735099337,,,,,,,,0,1
1218,96,664,170919,3093.53,2.8433180147058827,599,62,-624.09,-33.08,-13.07,5,GROCERY,1642.49,1,0,0.1602671118530884,45-54,A,35-49K,Homeowner,2 Adults Kids,4,2,0,1
1219,121,258,478,823.08,2.3382954545454546,631,67,-141.93,-4.0,0.0,3,GROCERY,368.13,2,0,0.1917591125198098,19-24,A,15-24K,Homeowner,2 Adults Kids,3,1,0,1
1220,31,324,455,787.04,2.242279202279202,619,18,-171.09,-1.0,0.0,7,GROCERY,469.65,0,0,0.0500807754442649,,,,,,,,0,1
1221,15,191,258,652.34,2.9384684684684688,575,13,-81.63,-0.75,0.0,1,GROCERY,337.63,0,0,0.0260869565217391,,,,,,,,0,1
1222,174,1074,2688,5833.39,2.9225400801603207,682,77,-1173.77,-48.97,-4.49,8,GROCERY,3267.34,7,0,0.2551319648093841,45-54,U,15-24K,Homeowner,Single Female,1,None/Unknown,1,2
1223,57,378,770,1743.69,3.544085365853659,581,34,-349.39,-5.0,0.0,5,GROCERY,1119.35,1,0,0.0981067125645439,,,,,,,,0,1
1224,92,724,1360,2363.78,1.976404682274248,594,59,-465.1,-1.0,-1.0,2,GROCERY,1224.14,2,0,0.1548821548821548,,,,,,,,0,1
1225,76,510,790,1415.38,2.1608854961832065,651,50,-240.32,0.0,0.0,10,GROCERY,852.58,0,0,0.1167434715821812,,,,,,,,0,2
1226,76,1330,3219,6237.46,2.6340625,590,58,-1390.39,-21.0,-2.45,4,GROCERY,3616.94,7,0,0.1288135593220339,25-34,B,35-49K,Homeowner,1 Adult Kids,3,2,1,2
1227,86,915,79686,3810.36,3.0728709677419355,604,52,-469.07,-8.1,-0.35,8,GROCERY,1600.93,3,0,0.1423841059602649,,,,,,,,0,1
1228,797,1628,1085371,14503.89,3.61873502994012,701,101,-2228.94,-264.6,-10.19,15,GROCERY,5787.81,6,5,1.1369472182596292,45-54,U,100-124K,Unknown,Single Female,1,None/Unknown,1,2
1229,385,1856,1295539,18304.31,4.108711560044894,684,95,-1638.11,-32.3,-10.9,10,GROCERY,6717.86,9,6,0.5628654970760234,55-64,A,150-174K,Homeowner,2 Adults No Kids,2,None/Unknown,1,2
1230,20,59,82,258.53000000000003,3.977384615384616,630,17,-25.17,0.0,0.0,2,GROCERY,148.08,0,0,0.0317460317460317,,,,,,,,0,1
1231,55,337,1197,1919.79,2.573445040214477,616,48,-522.66,-25.65,-5.75,1,GROCERY,1297.62,0,0,0.0892857142857142,,,,,,,,0,1
1232,22,154,250,488.49,2.728994413407821,513,18,-159.64,-2.5,0.0,6,GROCERY,314.23,0,0,0.0428849902534113,,,,,,,,0,1
1233,38,428,125597,1778.52,2.901337683523654,647,25,-325.0,-6.59,-0.6,5,GROCERY,975.06,1,0,0.0587326120556414,,,,,,,,0,1
1234,94,1027,2023,5547.83,3.522431746031746,640,63,-915.26,-4.6,-1.4,5,GROCERY,3248.57,6,0,0.146875,45-54,B,35-49K,Homeowner,2 Adults No Kids,2,None/Unknown,1,2
1235,20,181,44017,894.0,4.403940886699507,591,16,-99.02,-0.35,-0.35,7,DRUG GM,396.15,0,0,0.0338409475465313,,,,,,,,0,1
1236,194,667,1956,3993.01,2.7126426630434786,606,78,-685.68,0.0,0.0,4,GROCERY,2171.41,3,0,0.3201320132013201,35-44,U,50-74K,Unknown,2 Adults Kids,3,1,0,2
1237,20,230,42304,1051.16,3.0825806451612907,507,19,-166.72,-5.0,0.0,2,GROCERY,505.3,2,0,0.039447731755424,,,,,,,,0,1
1238,51,884,2381,4678.61,2.618136541689983,701,44,-1364.13,-60.33,-22.05,3,GROCERY,2970.79,8,2,0.0727532097004279,,,,,,,,1,2
1239,26,444,1034,2068.5,2.721710526315789,615,24,-425.75,-4.75,0.0,4,GROCERY,1319.55,2,0,0.0422764227642276,,,,,,,,0,1
1240,217,1157,450816,11250.07,3.9062743055555553,612,76,-880.96,-10.77,0.0,5,GROCERY,4082.01,5,0,0.3545751633986928,45-54,U,Under 15K,Homeowner,2 Adults No Kids,2,None/Unknown,1,2
1241,91,439,780,2041.45,3.5258203799654577,704,54,-377.93,-2.8,-1.2,5,GROCERY,1223.25,0,0,0.1292613636363636,,,,,,,,0,1
1242,35,170,398,830.11,3.388204081632653,591,28,-269.61,-0.75,0.0,4,GROCERY,449.39,0,0,0.0592216582064297,,,,,,,,0,1
1243,15,59,91,249.7,3.4205479452054792,493,14,-16.85,0.0,0.0,2,DRUG GM,97.77,0,0,0.0304259634888438,,,,,,,,0,1
1244,34,200,262,603.45,2.780875576036866,627,29,-104.77,0.0,0.0,4,GROCERY,357.62,0,0,0.0542264752791068,,,,,,,,0,1
1245,254,820,262955,4469.27,3.0361888586956525,642,85,-681.83,-3.55,-0.45,5,GROCERY,1674.04,5,0,0.3956386292834891,,,,,,,,1,2
1246,97,797,219680,5428.25,4.038876488095238,664,59,-648.07,-2.75,-0.25,7,GROCERY,3017.04,3,0,0.1460843373493976,,,,,,,,0,2
1247,123,803,23005,6639.95,2.490603900975244,601,75,-1164.32,-16.33,-1.35,6,GROCERY,3196.32,5,4,0.2046589018302828,35-44,A,35-49K,Homeowner,2 Adults No Kids,2,None/Unknown,1,2
1248,158,1098,170928,9091.29,3.942450130095404,652,79,-1232.19,-77.66,-5.35,2,GROCERY,4962.58,7,1,0.2423312883435582,45-54,U,50-74K,Unknown,1 Adult Kids,2,1,1,2
1249,23,169,273,491.62,2.1947321428571427,596,20,-70.3,0.0,0.0,4,GROCERY,271.1,0,0,0.0385906040268456,,,,,,,,0,1
1250,6,81,94,203.17,2.2828089887640446,618,6,-65.9,0.0,0.0,2,GROCERY,75.07,0,0,0.0097087378640776,,,,,,,,0,1
1251,53,82,8072,325.77,3.016388888888889,599,34,-93.71,-1.5,0.0,2,GROCERY,241.66,1,0,0.0884808013355592,,,,,,,,0,1
1252,46,317,11959,1152.78,3.00203125,659,35,-500.65,-39.03,-9.02,10,GROCERY,593.0,0,0,0.0698027314112291,,,,,,,,0,1
1253,24,190,303,570.15,2.715,520,8,-137.18,-13.55,-0.45,1,GROCERY,301.08,0,0,0.0461538461538461,,,,,,,,0,1
1254,6,87,115,252.31,2.628229166666667,580,5,-57.24,0.0,0.0,2,GROCERY,132.55,0,0,0.0103448275862068,,,,,,,,0,1
1255,28,160,276,522.3,2.7489473684210526,634,24,-181.03,0.0,0.0,3,GROCERY,270.22,0,0,0.0441640378548895,,,,,,,,0,1
1256,170,685,122642,5274.32,3.460839895013123,686,88,-434.27,-18.95,-0.75,3,NUTRITION,1484.36,10,6,0.2478134110787172,45-54,U,50-74K,Unknown,1 Adult Kids,2,1,1,2
1257,31,341,66385,1389.12,2.900041753653445,617,24,-249.03,0.0,0.0,7,GROCERY,693.63,1,0,0.0502431118314424,45-54,U,50-74K,Homeowner,2 Adults Kids,3,1,0,1
1258,232,433,51172,3502.45,3.420361328125,705,94,-723.03,-8.5,-0.5,11,GROCERY,2293.7,6,0,0.3290780141843971,45-54,U,75-99K,Homeowner,Unknown,1,None/Unknown,1,2
1259,33,185,676,1163.62,2.750874704491725,574,28,-265.99,0.0,0.0,2,GROCERY,744.18,1,0,0.0574912891986062,,,,,,,,0,1
1260,168,1265,16916,11200.8,3.0737650933040617,687,85,-950.99,-6.05,-0.45,2,GROCERY,4625.58,3,0,0.2445414847161572,65+,U,50-74K,Homeowner,Single Male,1,None/Unknown,1,2
1261,228,693,83743,3777.98,2.692786885245902,657,79,-614.71,-14.85,-1.15,2,GROCERY,1819.5,6,1,0.3470319634703196,45-54,A,25-34K,Homeowner,Single Female,2,None/Unknown,1,2
1262,29,323,461,769.72,2.0309234828496043,620,15,-180.11,-2.5,-0.5,5,GROCERY,460.73,0,0,0.0467741935483871,,,,,,,,0,1
1263,126,817,42316,5257.44,3.806980448950036,664,69,-739.0699999999999,-10.23,-0.75,5,GROCERY,2796.38,8,0,0.1897590361445783,25-34,B,15-24K,Unknown,Single Male,1,None/Unknown,1,2
1264,132,1063,100872,6458.78,4.183147668393782,652,69,-974.74,-81.4,-5.6,6,GROCERY,2883.87,8,0,0.2024539877300613,45-54,U,15-24K,Unknown,Single Male,1,None/Unknown,1,2
1265,49,371,767,1409.87,2.277657512116317,593,38,-347.7,-28.68,-7.6,3,GROCERY,880.84,1,0,0.0826306913996627,,,,,,,,0,1
1266,115,300,854,1657.11,3.835902777777778,683,72,-539.17,0.0,0.0,5,GROCERY,524.48,5,0,0.1683748169838946,,,,,,,,0,2
1267,66,408,20019,1689.84,2.383413258110014,630,55,-169.92,-0.5,-0.5,4,GROCERY,719.71,0,0,0.1047619047619047,25-34,U,75-99K,Unknown,Single Female,1,None/Unknown,0,1
1268,71,531,4553,3013.56,3.5164060676779463,625,47,-437.85,0.0,0.0,5,GROCERY,1787.47,0,0,0.1136,35-44,U,Under 15K,Homeowner,2 Adults Kids,4,2,0,1
1269,109,722,3321,2595.17,2.512265246853824,642,60,-510.88,-3.5,0.0,5,GROCERY,1416.65,2,0,0.1697819314641744,,,,,,,,0,1
1270,73,591,1266,3455.32,3.8264894795127353,614,47,-362.48,0.0,0.0,3,GROCERY,1584.42,4,0,0.1188925081433224,45-54,U,15-24K,Unknown,Single Female,1,None/Unknown,0,1
1271,132,799,2029,4155.52,2.35173740803622,593,74,-689.36,-2.8,-0.45,3,GROCERY,2431.64,4,0,0.2225969645868465,,,,,,,,0,2
1272,258,1441,15794,10019.45,3.038038204972711,678,93,-1337.45,-35.25,-6.0,9,GROCERY,4335.29,10,0,0.3805309734513274,65+,A,35-49K,Homeowner,Single Female,2,None/Unknown,1,2
1273,17,72,84,265.04,3.35493670886076,603,13,-30.57,-2.0,0.0,8,GROCERY,150.48,0,0,0.0281923714759535,,,,,,,,0,1
1274,273,937,3773,12503.24,4.264406548431105,654,94,-1054.81,-11.39,0.0,8,GROCERY,5549.53,0,0,0.4174311926605504,,,,,,,,1,2
1275,8,56,85,137.63,2.293833333333333,222,4,-18.66,0.0,0.0,3,GROCERY,88.03,0,0,0.036036036036036,,,,,,,,0,1
1276,20,189,6014,623.45,2.66431623931624,593,14,-59.34,0.0,0.0,7,GROCERY,181.35,0,0,0.0337268128161888,,,,,,,,0,1
1277,328,1189,59122,5900.81,2.984729387961558,615,83,-1099.72,-22.59,-1.6,7,GROCERY,3465.06,7,0,0.5333333333333333,,,,,,,,1,2
1278,19,180,256,738.34,3.3109417040358746,603,17,-215.81,-1.0,0.0,3,GROCERY,353.97,0,0,0.0315091210613598,,,,,,,,0,1
1279,199,1054,14684,4793.46,2.246232427366448,620,81,-816.81,0.0,0.0,14,GROCERY,2539.99,6,0,0.3209677419354839,,,,,,,,1,2
1280,24,92,73341,427.63,3.7185217391304346,600,17,-60.22,0.0,0.0,3,KIOSK-GAS,180.16,0,0,0.04,,,,,,,,0,1
1281,38,213,36073,788.4,3.1162055335968377,600,24,-107.24,-2.0,0.0,5,GROCERY,335.74,0,0,0.0633333333333333,,,,,,,,0,1
1282,203,1103,3041,5957.4800000000005,2.612929824561404,618,73,-1108.07,-3.5,-0.5,10,GROCERY,2874.63,6,0,0.3284789644012945,,,,,,,,1,2
1283,49,168,230,332.46,1.6377339901477832,590,40,-70.34,-3.05,-0.95,1,GROCERY,256.07,0,0,0.0830508474576271,,,,,,,,0,1
1284,160,457,1083,1974.49,2.17454845814978,700,63,-403.83,-6.390000000000001,0.0,6,GROCERY,1047.17,2,0,0.2285714285714285,,,,,,,,0,2
1285,137,897,37592,5048.59,2.1998213507625275,633,80,-1334.54,-67.12,-6.1,6,GROCERY,2703.72,2,1,0.2164296998420221,25-34,B,25-34K,Renter,1 Adult Kids,3,2,1,2
1286,30,173,13135,595.0,3.287292817679558,556,22,-99.63,0.0,0.0,5,GROCERY,284.67,0,0,0.0539568345323741,,,,,,,,0,1
1287,159,618,1664,2818.0,1.857613711272248,698,77,-483.48,-19.6,-8.2,3,GROCERY,1734.52,5,2,0.2277936962750716,,,,,,,,0,2
1288,55,431,16009,1896.5,3.3097731239092494,651,36,-366.19,0.0,0.0,9,GROCERY,1021.25,2,0,0.0844854070660522,,,,,,,,0,1
1289,525,365,956,1512.08,1.823980699638118,707,97,-214.71,-2.5,0.0,3,GROCERY,1173.49,3,0,0.7425742574257426,,,,,,,,1,2
1290,34,344,15394,1060.24,2.199668049792531,654,23,-316.01,-2.6500000000000004,-1.35,3,GROCERY,478.95,0,0,0.0519877675840978,,,,,,,,0,1
1291,103,628,1660,3290.01,2.492431818181818,679,75,-585.0600000000001,-12.7,-3.6,2,GROCERY,1967.35,5,0,0.1516936671575846,55-64,A,35-49K,Homeowner,Single Male,2,None/Unknown,0,2
1292,27,108,217,520.32,2.939661016949153,683,24,-79.54,0.0,0.0,1,MEAT-PCKGD,187.39,1,0,0.0395314787701317,,,,,,,,0,1
1293,176,683,2073,2762.8,1.6175644028103044,640,79,-351.44,0.0,0.0,6,GROCERY,1602.33,2,0,0.275,,,,,,,,0,2
1294,56,1053,2099,4829.32,2.780264824409902,599,44,-689.46,-27.13,-11.35,5,GROCERY,3117.84,2,1,0.0934891485809682,,,,,,,,0,2
1295,68,437,826,1637.41,2.872649122807018,658,44,-322.83,-3.38,0.0,8,GROCERY,786.03,0,0,0.1033434650455927,,,,,,,,0,1
1296,80,341,1264,2124.43,2.4004858757062144,631,77,-614.34,-8.95,-1.25,3,GROCERY,1290.73,4,0,0.126782884310618,65+,A,25-34K,Homeowner,Single Female,2,None/Unknown,0,1
1297,147,475,180357,2733.28,3.285192307692308,686,63,-231.32,-3.0,0.0,7,GROCERY,1033.71,4,0,0.2142857142857142,35-44,U,75-99K,Homeowner,Unknown,1,None/Unknown,0,2
1298,50,448,10215,1487.99,2.4433333333333334,594,40,-275.64,-3.5,0.0,6,GROCERY,978.98,0,0,0.0841750841750841,,,,,,,,0,1
1299,192,1256,364106,5959.57,2.795295497185741,665,86,-1500.23,-129.1,-40.55,3,GROCERY,3148.85,10,6,0.2887218045112782,35-44,U,15-24K,Renter,2 Adults Kids,4,2,1,2
1300,84,588,143777,2959.65,3.060651499482937,679,52,-545.17,-24.03,-5.95,6,GROCERY,1444.27,1,0,0.1237113402061855,45-54,A,50-74K,Homeowner,2 Adults Kids,4,2,0,2
1301,80,407,608,1494.22,2.767074074074074,676,47,-181.09,-5.59,0.0,5,GROCERY,710.52,4,0,0.1183431952662721,,,,,,,,0,1
1302,36,167,53722,757.95,4.11929347826087,610,28,-127.59,0.0,0.0,8,GROCERY,338.2,0,0,0.0590163934426229,,,,,,,,0,1
1303,212,1165,501189,6344.09,3.835604594921403,610,72,-723.03,-16.990000000000002,0.0,5,GROCERY,2160.58,5,1,0.3475409836065574,,,,,,,,1,2
1304,90,220,465,899.49,2.776203703703704,650,57,-255.86,-1.1,-0.9,5,GROCERY,517.11,1,0,0.1384615384615384,,,,,,,,0,1
1305,373,804,297594,7552.93,3.4068245376635096,586,74,-1334.18,-16.9,-1.4,11,GROCERY,3580.45,7,2,0.636518771331058,19-24,B,Under 15K,Renter,1 Adult Kids,2,1,1,2
1306,171,802,6190,3041.69,2.4121252973830294,625,70,-544.16,-6.33,-1.2,12,GROCERY,1711.57,6,0,0.2736,45-54,U,Under 15K,Unknown,Unknown,1,None/Unknown,0,2
1307,174,329,90406,2049.58,3.527676419965577,609,67,-220.7,0.0,0.0,10,GROCERY,725.1,3,0,0.2857142857142857,,,,,,,,0,2
1308,23,82,154,320.58,2.3746666666666667,566,19,-59.63,0.0,0.0,3,GROCERY,150.57,0,0,0.0406360424028268,,,,,,,,0,1
1309,9,47,8212,158.48,3.1696,533,6,-27.66,0.0,0.0,6,GROCERY,66.67,0,0,0.0168855534709193,,,,,,,,0,1
1310,34,279,9175,857.98,2.423672316384181,600,28,-173.88,-6.6,-1.4,8,GROCERY,546.35,0,0,0.0566666666666666,,,,,,,,0,1
1311,17,180,289,685.63,3.249431279620853,526,14,-228.69,0.0,0.0,1,GROCERY,338.82,0,0,0.0323193916349809,,,,,,,,0,1
1312,134,1053,190690,5055.88,3.261858064516129,641,59,-758.56,-59.63,-23.95,9,GROCERY,2951.35,6,0,0.2090483619344773,,,,,,,,1,2
1313,30,299,426,1030.97,2.887871148459384,587,26,-143.85,-1.75,-0.25,3,GROCERY,640.75,0,0,0.0511073253833049,,,,,,,,0,1
1314,421,1803,1492863,14330.4,5.06374558303887,663,96,-1522.95,-3.25,-0.25,7,GROCERY,5841.84,9,0,0.6349924585218703,,,,,,,,1,2
1315,5,256,322,645.36,2.2804240282685515,564,5,-133.8,0.0,0.0,2,GROCERY,439.26,0,0,0.0088652482269503,,,,,,,,0,1
1316,58,705,10835,3736.48,3.2266666666666666,687,46,-587.0600000000001,-7.2,-1.85,3,GROCERY,2376.91,6,0,0.0844250363901018,55-64,U,35-49K,Unknown,2 Adults No Kids,2,None/Unknown,0,2
1317,196,786,1952,4065.24,2.5455479023168444,687,88,-797.99,-8.55,-0.45,6,GROCERY,2793.13,6,0,0.2852983988355167,,,,,,,,1,2
1318,74,768,49755,5583.96,3.55439847231063,601,65,-432.56,-17.8,-1.4,7,GROCERY,2749.48,3,5,0.1231281198003327,65+,A,50-74K,Homeowner,2 Adults No Kids,2,None/Unknown,0,2
1319,48,298,509,1059.79,2.856576819407008,640,41,-360.88,-16.53,-0.65,5,GROCERY,509.94,1,0,0.075,,,,,,,,0,1
1320,14,100,213,360.43,2.593021582733813,675,12,-102.22,0.0,0.0,2,GROCERY,172.88,0,0,0.0207407407407407,,,,,,,,0,1
1321,204,416,1203,1888.13,1.843876953125,637,74,-441.09,-2.5,0.0,1,GROCERY,1236.23,4,0,0.3202511773940345,19-24,U,35-49K,Unknown,2 Adults No Kids,2,None/Unknown,0,2
1322,16,71,100,260.65,3.2993670886075948,619,15,-52.41,0.0,0.0,3,GROCERY,98.19,0,0,0.0258481421647819,,,,,,,,0,1
1323,11,84,155,297.05,3.194086021505377,663,9,-66.99,0.0,0.0,6,GROCERY,199.19,0,0,0.0165912518853695,,,,,,,,0,1
1324,42,650,1367,2667.23,2.957017738359202,622,39,-778.49,-2.5,-0.5,11,GROCERY,1502.19,0,0,0.067524115755627,,,,,,,,0,1
1325,64,619,1044,2835.99,3.0859521218716,630,44,-284.48,-1.0,0.0,3,GROCERY,1128.78,2,0,0.1015873015873015,,,,,,,,0,1
1326,394,1369,413065,8831.210000000001,3.4389447040498444,625,86,-1608.27,-17.6,-3.6,9,GROCERY,4357.45,8,1,0.6304,45-54,U,Under 15K,Homeowner,Single Male,1,None/Unknown,1,2
1327,9,173,7657,477.17,2.422182741116752,296,9,-126.11,0.0,0.0,4,GROCERY,210.06,0,0,0.0304054054054054,,,,,,,,0,1
1328,96,565,20168,2544.89,2.875581920903955,650,42,-464.16,0.0,0.0,5,GROCERY,1109.96,0,0,0.1476923076923077,,,,,,,,0,1
1329,31,300,11663,1546.05,3.8943324937027706,657,27,-323.62,0.0,0.0,2,GROCERY,584.39,0,0,0.0471841704718417,,,,,,,,0,1
1330,86,480,61520,2177.55,3.20699558173785,671,53,-523.95,-3.49,0.0,3,GROCERY,951.59,3,0,0.1281669150521609,,,,,,,,0,1
1331,105,410,827,1821.03,2.722017937219731,659,56,-316.08,0.0,0.0,1,GROCERY,934.48,4,0,0.1593323216995447,,,,,,,,0,1
1332,60,544,15200,2047.26,2.38053488372093,651,50,-286.45,-1.0,0.0,9,GROCERY,874.19,0,0,0.0921658986175115,,,,,,,,0,1
1333,129,1236,2718,7709.85,3.197781003732891,632,75,-784.71,-60.92,-2.65,8,GROCERY,3720.19,6,8,0.2041139240506329,45-54,U,125-149K,Homeowner,2 Adults Kids,4,2,1,2
1334,57,270,434,629.58,1.8091379310344828,605,28,-141.19,0.0,0.0,4,GROCERY,465.33,0,0,0.0942148760330578,,,,,,,,0,1
1335,31,309,13651,978.87,2.245114678899083,572,24,-347.53,-20.49,0.0,2,GROCERY,672.8,0,0,0.0541958041958041,,,,,,,,0,1
1336,123,920,3051,6035.21,2.6669067609368096,664,77,-2247.08,-30.99,-2.7,5,GROCERY,3444.7,9,0,0.1852409638554217,,,,,,,,1,2
1337,244,2014,791184,11500.76,2.7982384428223845,602,86,-2763.69,-82.6,-6.2,12,GROCERY,4671.9800000000005,11,4,0.4053156146179402,45-54,U,50-74K,Homeowner,2 Adults Kids,4,2,1,2
1338,189,505,50083,1783.98,1.7337026239067057,656,48,-364.22,-2.0,-1.0,3,GROCERY,1059.42,0,0,0.2881097560975609,,,,,,,,0,1
1339,6,19,126,390.16,11.147428571428572,649,6,-82.18,0.0,0.0,2,GROCERY,380.37,0,0,0.0092449922958397,,,,,,,,0,1
1340,57,162,220,512.53,2.6419072164948454,647,44,-70.62,0.0,0.0,8,GROCERY,273.27,0,0,0.0880989180834621,,,,,,,,0,1
1341,13,106,319,434.77,3.150507246376812,592,11,-220.22,0.0,0.0,3,GROCERY,238.31,0,0,0.0219594594594594,,,,,,,,0,1
1342,12,31,20887,160.02,5.000625,629,11,-11.33,0.0,0.0,3,GROCERY,50.72,0,0,0.0190779014308426,,,,,,,,0,1
1343,12,114,149,267.19,2.154758064516129,573,10,-67.88,-0.5,-0.5,3,GROCERY,151.96,0,0,0.0209424083769633,,,,,,,,0,1
1344,27,456,930,2728.78,3.6875405405405406,604,25,-494.8,-78.3,-20.49,1,GROCERY,1432.7,2,0,0.0447019867549668,,,,,,,,0,1
1345,56,335,533,1348.56,2.8939055793991417,687,43,-193.06,-1.2,-0.5,6,GROCERY,868.5,2,0,0.081513828238719,,,,,,,,0,1
1346,80,242,14767,1174.31,3.3551714285714285,620,47,-164.58,-5.1,0.0,9,GROCERY,617.95,0,0,0.1290322580645161,,,,,,,,0,1
1347,131,576,190172,3360.34,4.264390862944163,643,63,-387.58,-9.0,-1.75,4,GROCERY,1330.39,1,2,0.2037325038880248,,,,,,,,0,2
1348,23,67,145,324.22,2.59376,542,21,-29.18,0.0,0.0,1,PRODUCE,154.64,0,0,0.0424354243542435,,,,,,,,0,1
1349,202,801,87167,5380.22,2.6283439179286763,669,80,-1332.08,-28.02,-1.45,1,GROCERY,2939.81,5,0,0.3019431988041853,,,,,,,,1,2
1350,131,664,11198,2568.6,2.3893953488372093,663,53,-564.29,-1.0,0.0,10,GROCERY,1380.59,3,0,0.1975867269984917,,,,,,,,0,2
1351,91,113,270,564.4,2.7666666666666666,696,63,-146.54,-8.39,-0.9,4,GROCERY,357.88,2,0,0.1307471264367816,,,,,,,,0,1
1352,138,779,518091,5398.95,3.349224565756824,594,75,-530.49,-5.79,-0.45,5,GROCERY,2517.46,6,0,0.2323232323232323,35-44,U,75-99K,Homeowner,2 Adults No Kids,2,None/Unknown,1,2
1353,132,945,28403,4019.91,2.322305025996534,686,79,-1054.83,-5.5,-0.8999999999999999,9,GROCERY,2542.24,9,0,0.1924198250728863,,,,,,,,1,2
1354,87,590,81313,2534.76,2.7885148514851488,635,61,-446.72,-12.75,-1.5,3,GROCERY,1341.01,2,0,0.137007874015748,65+,B,15-24K,Homeowner,2 Adults No Kids,2,None/Unknown,0,1
1355,14,147,218,547.82,3.5343225806451617,684,9,-134.72,-1.0,0.0,2,GROCERY,259.3,0,0,0.0204678362573099,,,,,,,,0,1
1356,86,429,1034,2239.34,2.452727272727273,693,63,-410.45,-1.55,-0.45,3,GROCERY,1432.81,4,1,0.1240981240981241,,,,,,,,0,1
1357,87,207,124339,3061.9,6.015520628683694,651,76,-983.64,-54.2,-5.95,4,GROCERY,1784.36,4,3,0.1336405529953917,55-64,A,25-34K,Homeowner,2 Adults No Kids,2,None/Unknown,0,1
1358,123,678,6289,2466.68,2.4446778989098115,630,35,-680.16,-4.0,-0.5,5,GROCERY,1660.58,0,0,0.1952380952380952,,,,,,,,0,1
1359,76,278,541,1192.68,2.8195744680851065,646,51,-223.96,-1.0,0.0,5,GROCERY,786.29,0,0,0.1176470588235294,,,,,,,,0,1
1360,23,146,294,630.19,2.3083882783882785,618,23,-80.91,0.0,0.0,2,GROCERY,261.37,0,0,0.0372168284789644,,,,,,,,0,1
1361,11,183,274,608.58,2.9542718446601945,698,11,-100.32,0.0,0.0,3,GROCERY,300.54,0,0,0.0157593123209169,,,,,,,,0,1
1362,61,165,342,1418.76,5.031063829787234,587,48,-113.38,0.0,0.0,4,GROCERY,897.97,0,0,0.1039182282793867,,,,,,,,0,1
1363,58,663,7743,4075.4,3.273413654618474,636,36,-678.59,-3.0,0.0,2,GROCERY,1912.47,3,0,0.0911949685534591,25-34,U,15-24K,Unknown,1 Adult Kids,2,1,0,1
1364,145,624,1005,2466.05,2.7040021929824563,709,81,-441.99,-47.65,-9.25,4,GROCERY,1188.86,5,1,0.2045133991537376,65+,B,100-124K,Homeowner,Single Female,1,None/Unknown,0,2
1365,9,55,60,103.65,1.8845454545454547,356,7,-41.97,-1.05,-1.05,4,GROCERY,75.13,0,0,0.0252808988764044,,,,,,,,0,1
1366,256,840,30692,4242.62,2.448136180034622,631,85,-725.92,0.0,0.0,11,GROCERY,2169.34,6,0,0.4057052297939778,,,,,,,,1,2
1367,352,2019,1003596,12125.48,3.3403526170798896,686,94,-2211.05,-47.85,-12.05,9,GROCERY,5851.91,7,1,0.5131195335276968,35-44,U,75-99K,Homeowner,2 Adults Kids,3,1,1,2
1368,32,404,10615,2766.9700000000003,3.930355113636364,608,29,-318.48,0.0,0.0,7,GROCERY,1189.87,0,0,0.0526315789473684,,,,,,,,0,1
1369,144,465,1152,3105.71,2.9382308420056766,692,77,-418.26,-1.0,0.0,2,GROCERY,1761.33,2,0,0.2080924855491329,25-34,B,Under 15K,Probable Renter,Single Male,1,None/Unknown,0,2
1370,86,829,3689,8531.89,2.9904977216964594,622,84,-1515.39,-3.5,0.0,4,GROCERY,4215.54,6,0,0.1382636655948553,65+,U,25-34K,Homeowner,2 Adults No Kids,2,None/Unknown,1,2
1371,45,301,18354,835.71,2.1992368421052637,525,31,-203.14,-3.59,0.0,7,GROCERY,577.69,0,0,0.0857142857142857,,,,,,,,0,1
1372,25,260,16986,1337.07,3.1460470588235294,639,23,-235.32,-3.75,0.0,7,GROCERY,756.58,0,0,0.0391236306729264,,,,,,,,0,1
1373,40,144,13207,657.52,3.778850574712644,649,36,-75.67,0.0,0.0,5,GROCERY,315.27,0,0,0.061633281972265,,,,,,,,0,1
1374,99,571,1217,2841.56,2.844404404404405,636,64,-410.27,0.0,0.0,5,GROCERY,1548.84,3,0,0.1556603773584905,,,,,,,,0,1
1375,122,896,13932,3745.41,2.7318818380743983,598,67,-744.85,-7.49,0.0,6,GROCERY,1796.58,6,0,0.2040133779264214,,,,,,,,0,2
1376,235,1518,1314704,11041.41,3.728946301925025,608,83,-1943.32,-149.69,-61.49,4,GROCERY,4996.47,6,9,0.3865131578947368,55-64,U,50-74K,Homeowner,Unknown,1,None/Unknown,1,2
1377,35,219,10482,791.34,3.2299591836734693,700,30,-72.83,-0.45,-0.25,3,GROCERY,288.59,0,0,0.05,,,,,,,,0,1
1378,121,848,46286,6933.72,2.6586349693251536,672,79,-995.06,-12.25,0.0,7,GROCERY,3582.29,12,0,0.1800595238095238,25-34,U,100-124K,Unknown,Single Female,1,None/Unknown,1,2
1379,509,1615,1233457,13995.22,3.060402361688169,631,91,-2364.36,-10.1,-2.1,3,GROCERY,6770.31,12,0,0.8066561014263075,,,,,,,,1,2
1380,25,107,177,349.81,2.939579831932773,670,21,-49.91,0.0,0.0,4,GROCERY,154.29,0,0,0.0373134328358208,,,,,,,,0,1
1381,49,51,83,134.4,2.005970149253732,588,27,-42.61,-1.0,0.0,4,GROCERY,104.24,0,0,0.0833333333333333,,,,,,,,0,1
1382,116,485,1139,3082.4700000000003,3.510785876993167,680,69,-615.02,-3.25,-1.1,2,GROCERY,2248.26,5,0,0.1705882352941176,45-54,U,50-74K,Homeowner,2 Adults No Kids,2,None/Unknown,0,2
1383,128,293,634,1532.65,3.0714428857715435,614,69,-242.59,0.0,0.0,6,GROCERY,865.9300000000001,4,0,0.2084690553745928,,,,,,,,0,1
1384,33,315,2838,827.46,1.67502024291498,606,30,-245.88,0.0,0.0,2,GROCERY,528.61,0,0,0.0544554455445544,,,,,,,,0,1
1385,112,871,2894,5637.51,3.228814432989691,632,59,-1189.07,-9.5,0.0,7,GROCERY,3448.13,5,0,0.1772151898734177,,,,,,,,1,2
1386,8,35,14545,111.15,2.646428571428572,555,8,-1.95,0.0,0.0,3,GROCERY,31.62,0,0,0.0144144144144144,,,,,,,,0,1
1387,66,289,866,2057.95,3.166076923076923,667,53,-387.87,-1.0,0.0,3,GROCERY,1162.87,1,0,0.0989505247376311,,,,,,,,0,1
1388,151,965,373584,6949.16,3.499073514602216,692,79,-854.35,-36.64,-11.15,5,GROCERY,4031.38,10,0,0.2182080924855491,35-44,A,100-124K,Unknown,2 Adults Kids,3,1,1,2
1389,41,455,979,2841.16,4.053009985734665,588,32,-258.67,-5.55,-0.45,1,GROCERY,1610.68,1,0,0.0697278911564625,65+,A,100-124K,Homeowner,Single Female,2,None/Unknown,0,1
1390,211,994,2514,4879.86,3.308379661016949,690,64,-1440.88,-37.04,-1.45,6,GROCERY,2862.35,5,0,0.3057971014492753,,,,,,,,1,2
1391,169,1386,910701,8105.74,3.666096788783356,682,84,-1907.73,-27.35,-10.85,11,GROCERY,3073.49,8,1,0.2478005865102639,45-54,A,50-74K,Homeowner,2 Adults No Kids,2,None/Unknown,1,2
1392,109,460,97751,2315.07,3.042141918528253,589,58,-511.19,-27.42,-4.05,8,GROCERY,1413.8,4,0,0.1850594227504244,,,,,,,,0,1
1393,203,657,14954,5950.89,3.258975903614458,653,89,-739.21,-20.48,-2.9,9,GROCERY,2485.01,8,6,0.3108728943338438,35-44,B,150-174K,Homeowner,Single Female,1,None/Unknown,1,2
1394,151,629,1854,4391.58,2.885400788436268,589,72,-764.57,-17.19,-1.7,2,GROCERY,2240.93,5,1,0.2563667232597623,45-54,A,50-74K,Homeowner,2 Adults No Kids,2,None/Unknown,0,2
1395,40,239,350,1142.42,4.080071428571429,630,29,-215.64,-2.0,0.0,5,GROCERY,475.69,0,0,0.0634920634920634,,,,,,,,0,1
1396,229,1368,114335,7177.06,2.798074074074074,562,72,-1976.05,-51.99,-3.25,5,GROCERY,3741.46,5,1,0.4074733096085409,65+,A,125-149K,Homeowner,2 Adults No Kids,2,None/Unknown,1,2
1397,283,765,20274,5707.6,2.44961373390558,609,88,-921.4,-41.63,-18.19,13,GROCERY,3132.34,7,1,0.4646962233169129,45-54,B,35-49K,Renter,Single Female,1,None/Unknown,1,2
1398,20,132,177,404.96,2.955912408759124,603,19,-80.01,-3.6,-0.9,5,GROCERY,263.69,0,0,0.033167495854063,,,,,,,,0,1
1399,33,257,561,1032.63,2.75368,595,30,-183.58,0.0,0.0,2,GROCERY,583.87,0,0,0.0554621848739495,,,,,,,,0,1
1400,11,97,151,284.31,2.516017699115044,591,10,-85.13,0.0,0.0,1,GROCERY,165.19,0,0,0.0186125211505922,,,,,,,,0,1
1401,52,209,33875,587.37,2.09775,604,41,-222.7,-6.5,0.0,5,GROCERY,316.33,0,0,0.086092715231788,,,,,,,,0,1
1402,165,399,54841,2245.76,2.7420757020757023,648,84,-323.37,-0.25,-0.25,4,GROCERY,892.24,2,0,0.2546296296296296,55-64,U,15-24K,Unknown,Single Male,1,None/Unknown,0,1
1403,151,367,464342,3673.26,5.507136431784108,608,60,-360.75,-32.44,-2.55,5,KIOSK-GAS,1136.87,3,0,0.2483552631578947,,,,,,,,0,2
1404,44,419,641,1248.19,2.302933579335793,643,32,-216.37,-1.5,0.0,6,GROCERY,663.46,0,0,0.0684292379471228,,,,,,,,0,1
1405,55,568,9421,2480.88,3.4361218836565097,631,38,-396.77,-14.55,-0.45,8,GROCERY,981.44,2,0,0.0871632329635499,,,,,,,,0,1
1406,116,790,144760,3790.44,3.752910891089109,634,60,-579.9,-1.6,-0.4,6,GROCERY,2084.05,6,0,0.1829652996845426,,,,,,,,0,2
1407,35,397,657,1615.94,2.9116036036036035,617,26,-149.27,-1.0,0.0,6,GROCERY,885.72,0,0,0.0567260940032414,,,,,,,,0,1
1408,57,228,510,1055.29,2.8368010752688173,602,44,-144.07,-2.0,0.0,3,GROCERY,753.5600000000001,2,0,0.0946843853820598,,,,,,,,0,1
1409,87,657,1636,4324.03,3.08638829407566,620,65,-514.07,-70.2,0.0,4,GROCERY,2277.88,3,0,0.1403225806451613,,,,,,,,0,2
1410,45,554,42904,2525.94,3.484055172413793,657,28,-556.34,-7.45,-1.25,4,GROCERY,1025.85,0,0,0.0684931506849315,,,,,,,,0,1
1411,6,38,49,131.52,3.3723076923076927,337,5,-32.74,0.0,0.0,3,GROCERY,60.13,0,0,0.0178041543026706,,,,,,,,0,1
1412,77,512,1717,4053.15,2.934938450398262,696,58,-629.15,-8.05,-0.95,5,GROCERY,2932.88,6,3,0.1106321839080459,45-54,A,50-74K,Homeowner,2 Adults Kids,3,1,0,2
1413,27,121,148,344.06,2.7306349206349205,607,20,-37.81,-1.0,0.0,7,GROCERY,190.19,0,0,0.0444810543657331,,,,,,,,0,1
1414,17,71,100,274.03000000000003,3.4253750000000003,599,14,-54.46,0.0,0.0,1,GROCERY,147.07,0,0,0.028380634390651,,,,,,,,0,1
1415,27,80,12743,271.41,2.6350485436893205,632,23,-37.68,-2.75,-0.25,3,GROCERY,106.27,0,0,0.0427215189873417,,,,,,,,0,1
1416,6,22,18384,91.65,4.165909090909091,646,4,-19.18,0.0,0.0,5,GROCERY,38.23,0,0,0.0092879256965944,,,,,,,,0,1
1417,75,464,270086,3703.93,4.873592105263158,636,39,-840.36,-5.08,0.0,2,GROCERY,1346.91,1,3,0.1179245283018868,,,,,,,,0,1
1418,78,566,11288,2735.2,3.397763975155279,656,64,-350.81,-2.2,-2.2,4,GROCERY,1249.65,4,0,0.1189024390243902,25-34,A,35-49K,Homeowner,2 Adults Kids,3,1,0,1
1419,524,1294,73463,7634.57,2.619063464837049,643,92,-2113.61,-209.09,-56.8,5,GROCERY,4696.7300000000005,4,8,0.8149300155520995,35-44,U,35-49K,Unknown,Single Female,1,None/Unknown,1,2
1420,79,931,32071,3891.97,3.262338642078793,607,48,-867.37,-9.87,-0.95,6,GROCERY,2132.77,6,0,0.1301482701812191,,,,,,,,0,2
1421,218,729,623248,5535.2,3.053061224489796,697,97,-1246.72,-29.44,-4.25,5,GROCERY,2815.3,8,12,0.3127690100430416,35-44,A,50-74K,Homeowner,2 Adults No Kids,2,None/Unknown,1,2
1422,11,149,218,481.77,3.1081935483870966,660,8,-141.05,0.0,0.0,5,GROCERY,256.03000000000003,0,0,0.0166666666666666,,,,,,,,0,1
1423,189,220,66229,1695.76,3.39152,589,78,-220.83,-0.75,-0.25,3,GROCERY,824.92,3,2,0.3208828522920203,45-54,U,15-24K,Unknown,Single Male,1,None/Unknown,0,1
1424,57,206,9404,595.22,2.188308823529412,532,40,-127.15,0.0,0.0,4,GROCERY,293.66,1,0,0.1071428571428571,,,,,,,,0,1
1425,131,750,1847,3828.6,2.492578125,602,66,-1219.1,-59.91,-12.2,3,GROCERY,2616.14,5,0,0.2176079734219269,19-24,B,50-74K,Unknown,2 Adults Kids,3,1,1,2
1426,65,459,29252,2330.87,3.2645238095238094,694,46,-350.26,-1.0,0.0,7,GROCERY,1187.27,2,0,0.0936599423631124,,,,,,,,0,1
1427,83,826,1377,2640.47,2.3766606660666065,654,44,-573.69,-31.7,-10.3,10,GROCERY,1581.16,0,0,0.1269113149847094,,,,,,,,0,2
1428,164,1102,267692,4911.53,2.98210686095932,609,73,-1041.75,-20.69,-1.0,10,GROCERY,2584.4,4,1,0.2692939244663382,55-64,U,35-49K,Unknown,2 Adults No Kids,2,None/Unknown,1,2
1429,83,164,527,818.56,2.566018808777429,595,54,-344.17,-38.89,-15.0,2,GROCERY,639.85,1,1,0.1394957983193277,45-54,B,35-49K,Renter,Single Female,1,None/Unknown,0,1
1430,344,1857,1741892,20352.99,3.788717423678333,635,90,-2437.12,-54.5,-2.99,3,GROCERY,9343.02,11,1,0.5417322834645669,35-44,A,35-49K,Homeowner,2 Adults Kids,3,1,1,2
1431,155,400,9335,2718.4,3.4985842985842988,604,73,-289.22,0.0,0.0,5,GROCERY,1248.02,3,0,0.2566225165562913,,,,,,,,0,1
1432,9,136,180,336.95,2.216776315789473,701,9,-130.76,-3.3,-2.2,4,GROCERY,185.32,0,0,0.0128388017118402,,,,,,,,0,1
1433,8,27,31,70.04,2.5940740740740744,640,7,-14.03,0.0,0.0,4,GROCERY,36.07,0,0,0.0125,,,,,,,,0,1
1434,220,1092,1946,4160.33,2.418796511627907,605,79,-679.25,-1.0,-1.0,5,GROCERY,2361.49,8,0,0.3636363636363636,,,,,,,,1,2
1435,13,134,215,511.78,3.629645390070922,579,11,-127.68,0.0,0.0,3,GROCERY,289.08,0,0,0.0224525043177892,,,,,,,,0,1
1436,8,46,58,134.89,2.594038461538462,492,6,-30.84,-2.5,0.0,4,GROCERY,72.0,0,0,0.016260162601626,,,,,,,,0,1
1437,99,1270,3729,4775.56,2.133851653261841,670,61,-1239.07,-104.07,-35.89,13,GROCERY,3021.25,6,6,0.1477611940298507,25-34,A,15-24K,Homeowner,1 Adult Kids,3,1,1,2
1438,41,417,704,2130.77,3.731646234676007,695,32,-199.37,0.0,0.0,4,GROCERY,585.7,1,0,0.0589928057553956,45-54,U,Under 15K,Unknown,Single Female,1,None/Unknown,0,1
1439,33,162,9685,555.5600000000001,2.7502970297029705,570,23,-126.0,0.0,0.0,6,GROCERY,320.27,0,0,0.0578947368421052,,,,,,,,0,1
1440,100,596,159187,2551.58,2.838242491657397,615,58,-626.03,-27.74,-4.35,5,GROCERY,1240.33,1,0,0.1626016260162601,,,,,,,,0,1
1441,13,98,157,401.47,3.2376612903225808,614,12,-60.29,0.0,0.0,4,GROCERY,211.42,0,0,0.021172638436482,,,,,,,,0,1
1442,29,131,189,312.5,1.9054878048780488,633,15,-75.04,0.0,0.0,5,GROCERY,239.93,0,0,0.0458135860979462,,,,,,,,0,1
1443,182,247,11820,2221.48,3.72107202680067,626,67,-165.5,-2.0,0.0,3,GROCERY,1627.23,2,0,0.2907348242811501,35-44,U,150-174K,Unknown,2 Adults No Kids,2,None/Unknown,0,1
1444,23,102,135,323.99,2.6128225806451613,578,15,-34.94,0.0,0.0,1,GROCERY,185.88,0,0,0.0397923875432525,,,,,,,,0,1
1445,178,927,2036,5130.59,3.009143695014663,626,77,-958.47,-20.05,0.0,9,GROCERY,3048.91,9,1,0.2843450479233226,35-44,A,Under 15K,Homeowner,2 Adults No Kids,2,None/Unknown,1,2
1446,44,441,31354,2095.83,2.7253966189856955,586,38,-407.71,-56.97,-5.4,8,GROCERY,1437.77,4,0,0.0750853242320819,,,,,,,,0,1
1447,40,174,17357,604.95,2.9084134615384616,670,31,-70.55,-7.25,-0.25,5,DRUG GM,303.06,1,0,0.0597014925373134,,,,,,,,0,1
1448,80,141,4367,1927.33,5.893975535168195,550,35,-160.62,0.0,0.0,2,GROCERY,916.2,1,0,0.1454545454545454,,,,,,,,0,1
1449,39,122,23666,405.83,2.63525974025974,519,28,-62.35,0.0,0.0,3,GROCERY,216.58,0,0,0.0751445086705202,,,,,,,,0,1
1450,90,352,80356,1647.2,3.4605042016806724,595,38,-329.7,0.0,0.0,5,GROCERY,566.2,0,0,0.1512605042016806,,,,,,,,0,1
1451,260,1154,515546,6700.05,3.6935226019845646,596,81,-1452.24,-174.15,-51.28,16,GROCERY,2829.69,7,12,0.436241610738255,45-54,A,125-149K,Homeowner,1 Adult Kids,5+,3+,1,2
1452,374,379,34968,1884.05,1.818581081081081,645,93,-230.69,-2.0,0.0,14,GROCERY,1147.84,6,0,0.57984496124031,45-54,A,25-34K,Unknown,2 Adults Kids,3,1,1,2
1453,761,3119,95743,21661.29,3.301522633744856,613,87,-2784.14,-95.86,-15.5,4,GROCERY,9375.34,13,19,1.2414355628058729,45-54,A,125-149K,Homeowner,2 Adults Kids,3,1,1,2
1454,154,637,297510,4934.0,3.712565838976674,621,62,-811.74,-31.86,-6.0,4,GROCERY,2161.97,3,0,0.2479871175523349,65+,A,75-99K,Homeowner,2 Adults No Kids,2,None/Unknown,0,2
1455,14,203,70931,820.18,3.5050427350427347,242,11,-138.14,-0.6,-0.4,1,GROCERY,314.09,0,0,0.0578512396694214,,,,,,,,0,1
1456,69,413,741,1506.5,2.519230769230769,573,42,-276.68,-1.0,0.0,2,GROCERY,904.02,1,0,0.1204188481675392,,,,,,,,0,1
1457,39,410,1369,2667.34,3.987055306427504,643,27,-543.13,-4.4,-3.6,4,GROCERY,1479.71,0,0,0.0606531881804043,,,,,,,,0,1
1458,126,730,171171,3480.63,3.305441595441596,613,69,-797.71,-16.58,-5.5,14,GROCERY,1558.06,4,1,0.2055464926590538,,,,,,,,0,2
1459,79,851,1783,4769.04,3.634939024390244,635,47,-686.86,-1.0,0.0,4,GROCERY,2370.18,6,0,0.1244094488188976,,,,,,,,0,2
1460,57,560,62188,2455.68,3.248253968253968,583,42,-360.05,-24.05,-6.95,3,GROCERY,1229.39,2,1,0.0977701543739279,,,,,,,,0,1
1461,290,958,436713,7246.2,3.7740625,679,91,-1081.86,-2.0,0.0,10,GROCERY,3429.42,4,0,0.4270986745213549,35-44,U,25-34K,Homeowner,2 Adults No Kids,2,None/Unknown,1,2
1462,120,939,32612,4830.0,2.5221932114882506,615,75,-918.97,-9.69,-1.2,6,GROCERY,2910.05,6,1,0.1951219512195122,25-34,A,50-74K,Renter,2 Adults No Kids,2,None/Unknown,1,2
1463,139,516,350299,3460.15,3.823370165745856,679,76,-710.21,-123.95,-0.5,15,GROCERY,1603.66,5,1,0.2047128129602356,,,,,,,,1,2
1464,76,603,21422,2474.4,2.588284518828452,588,52,-826.5,-7.0,0.0,8,GROCERY,1186.25,3,0,0.1292517006802721,,,,,,,,0,1
1465,56,275,26381,1038.52,3.175902140672783,680,40,-156.04,-3.44,0.0,6,GROCERY,463.61,0,0,0.0823529411764705,,,,,,,,0,1
1466,38,200,39071,1029.47,4.25400826446281,695,29,-128.37,0.0,0.0,7,GROCERY,431.84,0,0,0.0546762589928057,,,,,,,,0,1
1467,835,408,161157,2957.82,1.8696713021491784,701,72,-505.13,-6.49,0.0,6,GROCERY,1547.13,2,0,1.1911554921540657,35-44,A,50-74K,Probable Owner,2 Adults Kids,4,2,1,2
1468,81,652,185850,4131.7300000000005,3.3866639344262297,526,47,-482.32,-3.0,0.0,9,GROCERY,1928.87,3,0,0.1539923954372623,65+,A,75-99K,Homeowner,2 Adults No Kids,2,None/Unknown,0,1
1469,44,346,611,1160.0,2.516268980477224,527,28,-207.86,0.0,0.0,3,GROCERY,724.59,0,0,0.0834914611005692,,,,,,,,0,1
1470,133,433,118273,1991.33,3.3299832775919733,603,67,-320.34,-4.0,0.0,11,GROCERY,1029.85,6,0,0.220563847429519,45-54,U,35-49K,Unknown,Single Female,1,None/Unknown,0,2
1471,32,68,110955,486.72,6.0840000000000005,618,29,-73.69,-9.24,-0.25,11,KIOSK-GAS,239.38,0,0,0.0517799352750809,,,,,,,,0,1
1472,4,72,88,269.54,3.593866666666667,330,3,-53.13,-6.2,-1.0,3,GROCERY,131.82,0,0,0.0121212121212121,,,,,,,,0,1
1473,118,946,1733,4339.15,3.075230333097094,601,67,-508.35,-3.15,-0.8500000000000001,5,GROCERY,2517.7200000000003,6,0,0.1963394342762063,,,,,,,,0,2
1474,72,516,1166,2445.87,2.54513007284079,622,46,-532.84,0.0,0.0,3,GROCERY,1490.45,1,0,0.1157556270096463,35-44,U,50-74K,Homeowner,Unknown,1,None/Unknown,0,1
1475,339,1126,801247,14855.21,3.667953086419754,600,87,-2452.71,-34.24,-14.25,9,GROCERY,7557.18,6,13,0.565,25-34,B,50-74K,Homeowner,Single Male,1,None/Unknown,1,2
1476,356,768,1250547,9481.75,5.016798941798942,675,88,-910.43,-1.0,0.0,4,GROCERY,4900.12,7,0,0.5274074074074074,,,,,,,,1,2
1477,15,53,90,279.2,3.625974025974026,599,15,-33.24,0.0,0.0,1,DELI,131.74,0,0,0.025041736227045,,,,,,,,0,1
1478,6,28,33,88.59,2.9530000000000003,401,5,-31.81,0.0,0.0,1,GROCERY,44.52,0,0,0.0149625935162094,,,,,,,,0,1
1479,716,1614,208370,9129.23,2.7267712066905614,685,98,-1110.23,-48.45,-4.9,5,DRUG GM,3921.88,2,0,1.0452554744525548,45-54,U,15-24K,Probable Renter,Unknown,1,None/Unknown,1,2
1480,27,26,183,152.21,2.306212121212121,582,23,-108.2,0.0,0.0,1,GROCERY,71.76,0,0,0.0463917525773195,,,,,,,,0,1
1481,164,830,92351,3298.77,2.5791790461297888,619,71,-509.06,-2.75,-1.0,12,GROCERY,1626.81,4,0,0.2649434571890145,19-24,U,35-49K,Unknown,Single Male,1,None/Unknown,0,2
1482,18,283,512,1042.35,2.9612215909090907,557,16,-272.18,-1.0,0.0,4,GROCERY,513.45,0,0,0.0323159784560143,,,,,,,,0,1
1483,112,1174,117357,4725.27,2.5473153638814017,706,66,-904.12,-10.38,-2.8,4,GROCERY,2703.53,4,2,0.1586402266288951,19-24,U,Under 15K,Unknown,Unknown,1,None/Unknown,1,2
1484,106,950,1685,3209.39,2.231842837273992,600,67,-576.68,-43.88,-24.55,6,GROCERY,2020.29,1,0,0.1766666666666666,19-24,A,35-49K,Homeowner,2 Adults No Kids,2,None/Unknown,0,2
1485,66,338,586,2187.88,4.715258620689656,670,49,-203.82,-12.49,0.0,6,GROCERY,910.2,3,3,0.0985074626865671,35-44,U,50-74K,Homeowner,Single Male,1,None/Unknown,0,1
1486,14,121,196,548.32,3.730068027210885,608,13,-87.16,-1.0,0.0,2,GROCERY,362.29,0,0,0.0230263157894736,,,,,,,,0,1
1487,38,317,25879,1471.28,3.614938574938575,599,24,-164.03,-2.5,0.0,2,GROCERY,562.86,0,0,0.0634390651085141,,,,,,,,0,1
1488,76,737,47209,3246.92,2.787055793991416,597,52,-713.62,-35.68,-3.1,3,GROCERY,1599.68,4,6,0.1273031825795645,25-34,A,50-74K,Probable Owner,Single Female,2,None/Unknown,0,2
1489,536,2044,792583,17251.53,3.088351235230934,645,91,-3937.23,-23.15,-1.55,7,GROCERY,10546.42,11,0,0.8310077519379845,,,,,,,,1,2
1490,208,809,231261,5064.7,3.447719537100068,705,93,-1242.16,-2.5,0.0,9,GROCERY,2311.63,6,0,0.2950354609929078,,,,,,,,1,2
1491,289,736,2609,5635.97,2.643513133208255,628,90,-776.82,-3.05,-1.35,2,GROCERY,3111.4,6,1,0.4601910828025478,65+,U,35-49K,Homeowner,2 Adults No Kids,2,None/Unknown,1,2
1492,95,376,618,1226.29,2.442808764940239,692,72,-248.4,-2.5,0.0,4,GROCERY,502.63,3,0,0.1372832369942196,65+,A,15-24K,Homeowner,2 Adults No Kids,2,None/Unknown,0,1
1493,25,230,26000,943.13,3.2976573426573426,588,22,-206.7,-3.8,-0.7,1,GROCERY,618.64,1,0,0.042517006802721,,,,,,,,0,1
1494,85,598,1379,2595.09,2.229458762886598,625,45,-366.99,-2.75,0.0,3,GROCERY,1671.83,4,2,0.136,65+,B,25-34K,Unknown,Single Female,1,None/Unknown,0,1
1495,165,570,1267,1779.86,1.5423396880415945,627,82,-265.75,0.0,0.0,3,GROCERY,906.72,1,0,0.2631578947368421,,,,,,,,0,1
1496,12,253,387,852.95,2.9011904761904765,559,10,-142.96,-4.0,0.0,3,GROCERY,496.57,0,0,0.0214669051878354,,,,,,,,0,1
1497,9,130,159,527.3,3.821014492753623,597,8,-62.72,0.0,0.0,3,GROCERY,213.67,0,0,0.0150753768844221,,,,,,,,0,1
1498,26,246,407,960.18,2.7355555555555555,579,24,-152.04,-9.34,-0.7,1,GROCERY,623.57,0,0,0.0449050086355785,,,,,,,,0,1
1499,89,347,14680,2106.09,3.760875,607,58,-562.25,-12.75,-0.25,3,GROCERY,1106.38,1,0,0.1466227347611202,55-64,A,15-24K,Homeowner,2 Adults No Kids,2,None/Unknown,0,1
1500,54,284,4317,1051.12,3.100648967551623,584,28,-163.6,-0.5,-0.5,5,GROCERY,584.73,0,0,0.0924657534246575,,,,,,,,0,1
1501,205,993,874933,8490.73,3.720740578439965,609,80,-1115.67,-1.0,0.0,11,GROCERY,3483.08,4,0,0.3366174055829228,,,,,,,,1,2
1502,47,542,862,2160.82,2.780978120978121,650,40,-316.84,-15.89,-0.7,5,GROCERY,1128.72,4,0,0.0723076923076923,,,,,,,,0,1
1503,18,49,75,117.69,2.2632692307692306,615,16,-21.16,-2.0,0.0,2,GROCERY,47.45,0,0,0.0292682926829268,,,,,,,,0,1
1504,3,7,9,66.33,9.475714285714286,119,3,-31.68,0.0,0.0,1,DRUG GM,54.77,0,0,0.0252100840336134,,,,,,,,0,1
1505,103,725,1783,4053.23,2.5556305170239595,542,60,-579.66,-36.79,-11.7,4,GROCERY,1915.87,5,3,0.1900369003690037,45-54,U,25-34K,Unknown,Single Female,1,None/Unknown,0,2
1506,144,368,1541,2389.2,1.8651053864168616,664,80,-443.64,0.0,0.0,3,GROCERY,1248.72,4,0,0.216867469879518,,,,,,,,0,1
1507,26,319,68250,1499.37,4.074375000000001,598,23,-203.6,-2.0,0.0,4,GROCERY,714.6800000000001,0,0,0.0434782608695652,,,,,,,,0,1
1508,81,241,104751,1849.2,4.011279826464208,625,57,-506.66,-19.15,-1.65,3,GROCERY,649.3100000000001,2,4,0.1296,,,,,,,,0,1
1509,204,694,587691,6452.83,4.3718360433604335,652,88,-688.53,-9.5,-0.25,9,GROCERY,3002.36,5,1,0.3128834355828221,45-54,A,50-74K,Homeowner,2 Adults No Kids,2,None/Unknown,1,2
1510,1300,1576,595975,11211.37,2.3293933097859965,629,90,-1362.13,-10.1,-0.4,11,GROCERY,3560.66,5,0,2.066772655007949,,,,,,,,1,2
1511,149,718,1773,3740.16,2.7561974944731022,630,83,-772.06,-7.890000000000001,-0.95,4,GROCERY,2682.12,4,1,0.2365079365079365,,,,,,,,0,2
1512,93,376,282668,1674.23,3.6555240174672488,683,52,-223.19,-2.5,-1.0,8,GROCERY,647.89,1,0,0.1361639824304538,,,,,,,,0,1
1513,64,244,344,931.89,3.2813028169014085,651,46,-163.37,-1.94,-0.25,9,GROCERY,635.3100000000001,0,0,0.0983102918586789,,,,,,,,0,1
1514,57,498,1055,2355.31,2.6856442417331814,609,43,-343.77,-56.9,-12.95,3,GROCERY,1545.24,0,0,0.0935960591133004,,,,,,,,0,1
1515,99,874,1597,4158.2,3.16212927756654,660,58,-616.16,-13.45,-6.45,9,GROCERY,2413.67,6,0,0.15,,,,,,,,0,2
1516,15,65,71,189.66,2.7891176470588235,360,12,-24.47,0.0,0.0,3,GROCERY,116.65,0,0,0.0416666666666666,,,,,,,,0,1
1517,135,821,39685,3871.04,2.6586813186813187,633,74,-1230.7,-25.99,-3.0,10,GROCERY,2568.95,5,0,0.2132701421800948,45-54,A,50-74K,Homeowner,2 Adults Kids,4,2,1,2
1518,34,290,4101,1373.77,3.9589913544668582,616,25,-356.46,0.0,0.0,7,GROCERY,522.83,1,0,0.0551948051948051,,,,,,,,0,1
1519,30,621,8856,2425.66,2.722401795735129,651,27,-407.58,-77.69,-32.7,6,GROCERY,1402.09,0,0,0.0460829493087557,,,,,,,,0,2
1520,142,683,663079,3839.36,3.382696035242291,606,76,-677.28,-4.0,-2.5,8,GROCERY,1593.22,4,0,0.2343234323432343,,,,,,,,1,2
1521,43,357,495,753.95,1.709637188208617,579,24,-211.91,-3.0,0.0,8,GROCERY,397.73,0,0,0.0742659758203799,,,,,,,,0,1
1522,35,365,587,1086.56,2.509376443418014,541,25,-224.29,-1.0,0.0,6,GROCERY,597.08,0,0,0.0646950092421441,,,,,,,,0,1
1523,67,438,135823,1668.3,2.8038655462184874,596,26,-355.68,-2.66,0.0,1,GROCERY,892.68,0,0,0.1124161073825503,,,,,,,,0,1
1524,60,500,247300,2800.81,3.295070588235294,627,37,-489.31,-59.67,-13.65,11,GROCERY,1258.21,1,0,0.0956937799043062,45-54,A,35-49K,Homeowner,2 Adults No Kids,2,None/Unknown,0,2
1525,38,386,907,1645.25,2.798044217687075,629,25,-400.31,0.0,0.0,2,GROCERY,965.82,0,0,0.0604133545310015,,,,,,,,0,1
1526,199,693,1611,2901.09,2.20951256664128,635,82,-596.19,0.0,0.0,6,GROCERY,1630.78,3,0,0.3133858267716535,,,,,,,,0,2
1527,321,1636,1734632,17295.18,4.644248120300752,677,97,-1919.87,-12.24,-0.25,9,GROCERY,7177.86,15,0,0.4741506646971935,25-34,A,50-74K,Homeowner,2 Adults No Kids,2,None/Unknown,1,2
1528,239,1740,306864,8086.55,2.81957810320781,657,91,-1628.4,-6.98,0.0,9,GROCERY,3764.09,9,1,0.3637747336377473,35-44,B,125-149K,Unknown,Single Female,1,None/Unknown,1,2
1529,244,1158,578939,9025.51,3.3000036563071298,616,83,-1595.74,-156.51,-17.11,5,GROCERY,3903.62,8,16,0.3961038961038961,45-54,U,50-74K,Unknown,Single Male,1,None/Unknown,1,2
1530,48,174,34205,879.9300000000001,3.0553125000000003,599,37,-96.83,0.0,0.0,11,GROCERY,439.17,1,0,0.0801335559265442,,,,,,,,0,1
1531,45,270,10369,978.91,2.780994318181818,640,33,-187.67,-1.0,0.0,3,GROCERY,562.79,0,0,0.0703125,,,,,,,,0,1
1532,86,330,128817,1916.02,3.83204,617,37,-288.44,-19.54,-0.7,2,GROCERY,755.45,2,0,0.1393841166936791,,,,,,,,0,1
1533,22,76,182,255.24,2.092131147540984,614,20,-16.03,-2.5,0.0,7,GROCERY,174.32,0,0,0.0358306188925081,,,,,,,,0,1
1534,313,890,761899,8449.68,3.437624084621644,603,85,-1033.68,-142.73,-24.59,7,GROCERY,4981.95,12,15,0.5190713101160862,25-34,A,75-99K,Renter,2 Adults Kids,3,1,1,2
1535,247,1256,41780,8453.65,2.7945950413223137,629,77,-1431.93,-8.0,-0.5,7,GROCERY,4068.3,8,0,0.3926868044515103,,,,,,,,1,2
1536,164,1095,470814,6960.19,3.927872460496614,664,78,-998.42,-29.99,-0.5,5,GROCERY,3727.0,10,0,0.2469879518072289,45-54,U,50-74K,Unknown,Unknown,1,None/Unknown,1,2
1537,148,637,133220,2878.58,3.2636961451247166,640,63,-409.1,-2.8,-0.8,6,GROCERY,1110.51,4,0,0.23125,19-24,A,35-49K,Renter,2 Adults Kids,3,1,0,1
1538,32,227,274,504.92,2.095103734439834,644,23,-96.65,-1.25,-0.25,3,GROCERY,255.13,0,0,0.0496894409937888,,,,,,,,0,1
1539,10,15,23,79.41,4.671176470588235,583,9,-5.819999999999999,0.0,0.0,4,GROCERY,38.0,0,0,0.0171526586620926,,,,,,,,0,1
1540,143,825,2408,3598.69,2.395932090545939,612,64,-728.13,-3.05,-0.45,14,GROCERY,2565.65,5,0,0.2336601307189542,45-54,U,15-24K,Unknown,2 Adults Kids,4,2,0,2
1541,102,992,18011,7743.35,3.094864108713029,590,72,-829.7,-117.49,-39.1,4,GROCERY,4737.08,10,6,0.1728813559322033,35-44,U,50-74K,Unknown,Unknown,1,None/Unknown,1,2
1542,116,392,732,1969.93,3.555830324909748,678,71,-347.1,-10.5,0.0,4,GROCERY,1200.05,4,0,0.1710914454277286,,,,,,,,0,1
1543,84,429,1239,2612.4,3.464721485411141,576,43,-699.41,-1.0,0.0,7,GROCERY,1655.31,0,0,0.1458333333333333,,,,,,,,0,1
1544,54,512,138486,2457.93,3.0878517587939696,671,38,-323.32,-2.0,0.0,5,GROCERY,1353.55,4,0,0.0804769001490312,,,,,,,,0,1
1545,174,785,32882,3948.53,3.1263103721298497,643,80,-667.71,-9.05,-1.55,9,GROCERY,1982.79,5,0,0.270606531881804,45-54,A,35-49K,Homeowner,2 Adults No Kids,2,None/Unknown,1,2
1546,113,880,94845,4095.37,2.3618050749711648,590,56,-760.38,-13.0,-2.9,8,GROCERY,2640.33,6,0,0.1915254237288135,,,,,,,,0,2
1547,289,280,436213,2222.05,3.488304552590267,665,61,-234.07,-12.64,-0.8,4,KIOSK-GAS,993.19,2,0,0.4345864661654135,,,,,,,,0,2
1548,112,832,11487,3850.53,2.4447809523809525,677,61,-756.71,-6.7,-1.6,6,GROCERY,2591.2200000000003,5,0,0.1654357459379616,,,,,,,,0,2
1549,177,465,79770,1988.91,2.4078813559322034,705,91,-393.73,-26.0,-6.23,3,GROCERY,608.45,5,0,0.251063829787234,45-54,U,15-24K,Homeowner,Unknown,1,None/Unknown,0,2
1550,338,654,21826,2542.45,1.6715647600262984,655,50,-470.23,0.0,0.0,17,GROCERY,1659.09,0,0,0.516030534351145,,,,,,,,0,2
1551,18,217,367,800.11,2.80740350877193,687,13,-118.03,0.0,0.0,2,GROCERY,265.53000000000003,1,0,0.0262008733624454,,,,,,,,0,1
1552,35,274,499,1084.76,3.0132222222222222,606,32,-130.62,-6.0,-1.5,2,GROCERY,824.63,0,0,0.0577557755775577,,,,,,,,0,1
1553,16,71,99,140.84,1.853157894736842,678,8,-14.59,0.0,0.0,3,GROCERY,105.76,0,0,0.023598820058997,,,,,,,,0,1
1554,46,136,54700,982.76,5.145340314136126,683,27,-155.81,-5.0,0.0,4,GROCERY,348.47,0,0,0.0673499267935578,,,,,,,,0,1
1555,89,443,723,1446.54,2.3520975609756096,637,57,-325.17,-3.65,-1.6,10,GROCERY,918.29,3,0,0.1397174254317111,,,,,,,,0,2
1556,138,901,2504,3799.8,2.0628664495114006,615,78,-1063.73,-42.41,-22.65,3,GROCERY,2418.64,5,0,0.224390243902439,45-54,A,35-49K,Homeowner,2 Adults No Kids,2,None/Unknown,1,2
1557,195,726,690822,6528.36,3.610818584070796,620,82,-544.92,-9.2,-2.95,4,GROCERY,2349.68,7,0,0.314516129032258,25-34,A,100-124K,Renter,1 Adult Kids,4,2,1,2
1558,145,803,1519,4487.1,3.606993569131833,707,82,-432.01,-1.0,0.0,8,GROCERY,2118.21,6,0,0.2050919377652051,,,,,,,,0,2
1559,60,532,816,2725.42,3.8879029957204,689,34,-290.12,-1.55,-0.45,8,GROCERY,1480.23,0,0,0.0870827285921625,,,,,,,,0,1
1560,44,267,582,1209.04,2.8650236966824645,593,36,-460.69,0.0,0.0,3,GROCERY,572.94,0,0,0.0741989881956155,,,,,,,,0,1
1561,6,100,165,401.41,3.822952380952381,524,4,-55.68,0.0,0.0,2,GROCERY,214.38,0,0,0.0114503816793893,,,,,,,,0,1
1562,39,458,16959,1198.02,2.065551724137931,616,31,-357.65,0.0,0.0,4,GROCERY,655.57,0,0,0.0633116883116883,,,,,,,,0,1
1563,113,756,27288,4754.88,4.012556962025316,588,57,-725.5,-9.99,0.0,3,GROCERY,2494.11,3,0,0.1921768707482993,45-54,A,75-99K,Homeowner,Unknown,3,1,0,2
1564,36,119,160,437.77,3.2427407407407407,622,28,-92.71,0.0,0.0,1,GROCERY,162.4,0,0,0.0578778135048231,,,,,,,,0,1
1565,31,172,12836,447.91,2.2852551020408165,591,27,-97.68,-15.36,0.0,6,GROCERY,266.71,0,0,0.0524534686971235,,,,,,,,0,1
1566,347,1322,577637,10567.71,4.2136004784689,614,64,-1119.14,-22.05,-2.05,8,GROCERY,5739.36,4,4,0.5651465798045603,35-44,U,75-99K,Homeowner,2 Adults No Kids,2,None/Unknown,1,2
1567,155,466,1374,2124.23,2.11999001996008,591,65,-242.31,-5.05,-0.45,12,GROCERY,908.73,2,0,0.2622673434856176,45-54,U,15-24K,Renter,Single Male,1,None/Unknown,0,2
1568,81,830,2029,4575.94,3.4097913561847983,601,58,-1313.68,-7.95,-0.25,3,GROCERY,2418.09,5,2,0.1347753743760399,55-64,B,35-49K,Homeowner,Single Female,1,None/Unknown,0,2
1569,104,432,778,1345.59,2.0234436090225563,692,52,-271.12,-0.5,-0.5,4,GROCERY,672.72,2,0,0.1502890173410404,,,,,,,,0,1
1570,51,486,992,2389.96,3.328635097493036,557,35,-703.54,-2.0,0.0,3,GROCERY,946.58,0,0,0.0915619389587073,,,,,,,,0,1
1571,49,139,25373,567.87,3.3801785714285715,650,36,-60.01,0.0,0.0,6,GROCERY,252.09,0,0,0.0753846153846153,,,,,,,,0,1
1572,52,508,97773,2544.41,3.343508541392904,605,32,-505.32,-21.89,-6.55,8,GROCERY,1424.93,1,0,0.0859504132231405,35-44,A,75-99K,Homeowner,2 Adults No Kids,2,None/Unknown,0,1
1573,96,149,215,372.87,1.9833510638297875,601,33,-48.53,-15.99,0.0,3,GROCERY,177.99,0,0,0.1597337770382695,,,,,,,,0,1
1574,28,737,2234,3616.03,3.0670313825275657,544,22,-1320.93,-18.82,-8.15,2,GROCERY,2360.64,0,0,0.0514705882352941,,,,,,,,0,1
1575,55,456,8562,1642.49,2.0353035935563817,621,45,-323.21,-2.0,0.0,8,GROCERY,843.76,1,0,0.0885668276972624,,,,,,,,0,1
1576,18,217,307,471.11,1.694640287769784,676,18,-153.6,0.0,0.0,5,GROCERY,349.15,0,0,0.0266272189349112,,,,,,,,0,1
1577,82,809,59414,3794.61,2.7657507288629737,618,54,-657.36,-5.5,0.0,6,GROCERY,2317.11,5,0,0.1326860841423948,,,,,,,,0,2
1578,94,695,36715,2846.81,2.4084686971235194,580,55,-497.49,-3.55,-0.95,5,GROCERY,1694.08,2,0,0.1620689655172413,45-54,U,15-24K,Unknown,2 Adults No Kids,2,None/Unknown,0,1
1579,600,1539,913584,12695.25,3.4563708140484617,696,98,-2236.61,-12.0,-1.0,3,GROCERY,7032.46,8,0,0.8620689655172413,,,,,,,,1,2
1580,201,544,21048,1771.02,1.3803741231488698,659,62,-404.94,-0.75,-0.75,7,GROCERY,1035.21,2,0,0.3050075872534142,19-24,B,50-74K,Unknown,2 Adults No Kids,2,None/Unknown,0,2
1581,28,358,541,1249.26,2.98866028708134,275,21,-391.47,-5.5,0.0,1,GROCERY,798.46,2,1,0.1018181818181818,,,,,,,,0,1
1582,37,454,16323,1907.02,2.8505530642750374,502,27,-213.28,-3.0,0.0,2,GROCERY,1061.66,5,0,0.0737051792828685,,,,,,,,0,1
1583,20,65,90,338.28000000000003,4.902608695652174,601,16,-47.67,0.0,0.0,3,PASTRY,203.0,0,0,0.0332778702163061,,,,,,,,0,1
1584,317,928,331746,7435.38,3.901038824763904,703,89,-864.84,-1.3,-0.7,10,GROCERY,4321.02,5,0,0.4509246088193456,,,,,,,,1,2
1585,150,1436,431668,9353.85,4.705155935613682,637,74,-984.25,-5.8,-0.7,8,GROCERY,3544.83,7,0,0.2354788069073783,45-54,B,150-174K,Homeowner,Single Female,1,None/Unknown,1,2
1586,72,286,763,2237.21,4.166126629422719,613,55,-175.05,-0.5,0.0,2,DRUG GM,1389.14,5,0,0.1174551386623164,,,,,,,,0,1
1587,68,210,29858,714.61,2.589166666666667,624,47,-128.15,-8.93,-0.35,1,GROCERY,403.75,1,0,0.1089743589743589,,,,,,,,0,1
1588,234,1004,51905,5199.9800000000005,2.732517078297425,608,75,-563.89,-6.0,-1.0,6,GROCERY,2021.15,4,1,0.3848684210526316,35-44,U,50-74K,Homeowner,Unknown,1,None/Unknown,1,2
1589,18,118,152,341.54,2.6272307692307693,629,16,-65.99,-0.5,-0.5,7,GROCERY,201.96,0,0,0.0286168521462639,,,,,,,,0,1
1590,152,1118,3024,8033.79,3.392647804054054,700,83,-973.37,-17.19,-5.3,5,GROCERY,4417.04,9,3,0.2171428571428571,,,,,,,,1,2
1591,111,767,339823,4844.96,3.1501690507152147,684,62,-798.55,-60.85,-14.6,10,GROCERY,2314.91,4,26,0.1622807017543859,25-34,U,25-34K,Unknown,Single Female,1,None/Unknown,1,2
1592,52,338,170698,2371.59,5.0675,608,39,-227.42,-3.0,-0.5,4,GROCERY,952.48,1,0,0.0855263157894736,,,,,,,,0,1
1593,43,469,33932,1789.1,2.8398412698412696,622,36,-326.07,-6.9,-1.9,9,GROCERY,1013.48,1,1,0.0691318327974276,,,,,,,,0,1
1594,118,643,84118,2986.13,3.325311804008909,593,47,-541.86,-2.7,0.0,8,GROCERY,1527.34,1,0,0.1989881956155143,,,,,,,,0,1
1595,139,762,402338,5644.07,3.9222168172341902,665,74,-635.86,-4.0,0.0,7,GROCERY,2488.48,3,0,0.2090225563909774,45-54,U,50-74K,Homeowner,Single Male,1,None/Unknown,1,2
1596,28,558,914,2154.63,2.857599469496021,633,23,-308.79,-2.9,-1.8,5,GROCERY,1289.75,0,0,0.0442338072669826,,,,,,,,0,1
1597,54,280,9633,801.63,2.5529617834394904,620,38,-137.2,-1.25,0.0,7,GROCERY,413.73,0,0,0.0870967741935483,,,,,,,,0,1
1598,445,1875,204679,11516.83,3.2287160078497337,607,80,-2084.71,-20.55,-1.2,4,GROCERY,5312.63,9,1,0.7331136738056013,,,,,,,,1,2
1599,182,1427,3289,6161.21,2.0985047683923708,685,83,-1077.4,-4.0,0.0,5,GROCERY,3135.07,6,0,0.2656934306569343,,,,,,,,1,2
1600,64,207,104016,914.7,2.960194174757281,666,37,-243.33,0.0,0.0,1,GROCERY,344.08,0,0,0.0960960960960961,,,,,,,,0,1
1601,23,454,582,1288.54,2.4450474383301706,701,19,-192.12,-1.0,0.0,3,GROCERY,739.44,2,0,0.0328102710413694,,,,,,,,0,1
1602,159,1286,2690,6425.14,2.9995985060690944,636,77,-696.17,-8.1,-0.9,4,GROCERY,3345.15,8,4,0.25,,,,,,,,1,2
1603,11,195,284,492.72,2.142260869565217,468,11,-138.16,-1.99,0.0,1,GROCERY,175.86,0,0,0.0235042735042735,,,,,,,,0,1
1604,156,186,441,818.41,2.10930412371134,605,79,-95.18,0.0,0.0,1,GROCERY,628.39,3,0,0.2578512396694215,35-44,U,35-49K,Probable Owner,2 Adults No Kids,2,None/Unknown,0,1
1605,57,335,436,729.22,1.8940779220779225,601,37,-195.57,-64.75,-34.52,8,GROCERY,463.12,1,0,0.0948419301164725,,,,,,,,0,2
1606,21,227,446,1131.91,3.723388157894737,589,18,-208.89,0.0,0.0,5,GROCERY,537.8,0,0,0.0356536502546689,,,,,,,,0,1
1607,138,150,1885,3882.88,7.613490196078431,648,68,-2423.6,-65.0,0.0,5,GROCERY,3519.03,5,0,0.2129629629629629,,,,,,,,1,2
1608,40,484,15204,1399.89,1.971676056338028,609,28,-414.59,-10.8,-2.3,4,GROCERY,744.81,0,0,0.0656814449917898,,,,,,,,0,1
1609,412,1592,2146715,27859.68,4.205234716981132,669,95,-2431.2,-78.48,-22.5,5,GROCERY,12546.16,3,4,0.6158445440956651,45-54,A,125-149K,Homeowner,2 Adults Kids,5+,3+,1,2
1610,11,52,64,164.49,3.103584905660377,380,6,-20.64,-0.5,-0.5,2,GROCERY,126.3,0,0,0.0289473684210526,,,,,,,,0,1
1611,51,238,12914,677.46,2.3360689655172413,634,32,-105.35,0.0,0.0,6,GROCERY,393.12,0,0,0.0804416403785489,,,,,,,,0,1
1612,151,1207,662221,8429.05,3.69209373631187,682,73,-931.0,-29.13,-7.05,7,GROCERY,4035.09,0,0,0.221407624633431,,,,,,,,1,2
1613,136,918,3050,6699.49,3.574967982924226,667,72,-917.47,-8.46,-1.2,4,GROCERY,4682.89,7,0,0.2038980509745127,,,,,,,,1,2
1614,75,113,6724,518.16,3.0125581395348835,609,53,-66.55,-8.23,0.0,9,GROCERY,228.65,0,0,0.1231527093596059,,,,,,,,0,1
1615,42,251,5504,869.28,2.9367567567567567,617,33,-192.81,-6.1,-2.1,11,GROCERY,395.68,1,0,0.0680713128038897,,,,,,,,0,1
1616,38,384,5696,1235.72,2.5851882845188285,614,31,-245.1,-7.0,0.0,4,GROCERY,723.69,0,0,0.0618892508143322,,,,,,,,0,1
1617,104,674,10660,4067.8,2.922270114942529,685,47,-706.45,0.0,0.0,13,GROCERY,2394.65,8,0,0.1518248175182481,,,,,,,,0,2
1618,99,625,358309,4562.4800000000005,3.4748514851485157,593,60,-480.22,-106.45,-35.8,6,GROCERY,2140.91,5,8,0.1669477234401349,35-44,A,75-99K,Homeowner,Single Female,2,None/Unknown,1,2
1619,185,702,411778,4454.7300000000005,3.4559581070597365,617,83,-603.68,-8.29,-0.5,6,GROCERY,1222.65,3,0,0.299837925445705,,,,,,,,0,2
1620,337,1680,420963,9219.35,2.9156704617330806,640,86,-2339.95,-29.34,-6.55,6,GROCERY,5046.55,9,0,0.5265625,,,,,,,,1,2
1621,90,788,30093,3231.48,2.5186905689789554,617,49,-654.57,-14.0,-5.6,5,GROCERY,1806.66,2,0,0.1458670988654781,,,,,,,,0,2
1622,106,646,100212,3844.31,2.945831417624521,678,71,-957.82,-3.5,0.0,3,GROCERY,2045.2,3,0,0.1563421828908554,,,,,,,,0,2
1623,180,821,142185,4733.62,3.686619937694704,598,58,-932.83,-2.58,0.0,5,GROCERY,1970.72,0,0,0.3010033444816054,,,,,,,,0,2
1624,82,271,641,1567.81,3.1545472837022133,575,48,-243.33,0.0,0.0,6,GROCERY,684.85,1,0,0.1426086956521739,,,,,,,,0,1
1625,41,161,241,464.64,2.42,591,28,-66.89,-3.2,-1.8,6,GROCERY,230.82,0,0,0.0693739424703891,,,,,,,,0,1
1626,2,8,8,42.96,5.37,333,2,-2.16,0.0,0.0,2,GROCERY,22.97,0,0,0.006006006006006,,,,,,,,0,1
1627,114,477,230666,3484.02,4.31724907063197,649,54,-508.31,-3.73,0.0,9,GROCERY,1234.39,2,1,0.1756548536209553,25-34,U,35-49K,Unknown,Single Male,1,None/Unknown,0,1
1628,18,136,199,546.78,3.4388679245283016,636,13,-80.61,-0.75,-0.75,6,GROCERY,375.44,0,0,0.0283018867924528,,,,,,,,0,1
1629,9,182,261,590.71,3.013826530612245,660,9,-79.53,0.0,0.0,3,GROCERY,392.02,0,0,0.0136363636363636,,,,,,,,0,1
1630,188,766,2897,9265.32,4.528504398826979,607,88,-1530.5,-62.45,-4.1,2,GROCERY,3839.75,5,2,0.3097199341021416,,,,,,,,1,2
1631,353,1776,14964,10427.21,2.2026214617659483,614,88,-2606.53,-19.31,-2.25,6,GROCERY,7110.94,7,0,0.5749185667752443,19-24,B,Under 15K,Renter,1 Adult Kids,4,3+,1,2
1632,64,314,118518,2104.91,3.641712802768166,602,47,-287.32,0.0,0.0,21,GROCERY,1072.06,1,0,0.1063122923588039,,,,,,,,0,2
1633,219,1579,212058,10162.78,2.7927397636713382,700,92,-1883.04,-153.48,-57.8,11,GROCERY,5339.35,12,11,0.3128571428571428,45-54,A,50-74K,Homeowner,2 Adults No Kids,2,None/Unknown,1,2
1634,85,891,4993,4616.14,2.3150150451354063,673,63,-928.76,-10.3,-1.2,5,GROCERY,2966.36,4,2,0.1263001485884101,25-34,A,35-49K,Homeowner,2 Adults Kids,5+,3+,0,2
1635,20,40,56,128.98,2.99953488372093,570,14,-24.43,0.0,0.0,4,GROCERY,82.56,0,0,0.0350877192982456,,,,,,,,0,1
1636,22,266,613,1197.77,3.237216216216216,640,10,-224.13,-2.0,0.0,3,GROCERY,677.53,0,0,0.034375,,,,,,,,0,1
1637,66,117,18276,1170.13,6.291021505376345,640,41,-411.91,0.0,0.0,18,PASTRY,534.9,0,0,0.103125,,,,,,,,0,1
1638,51,204,452,552.18,1.8223762376237624,581,42,-189.55,0.0,0.0,3,GROCERY,335.68,0,0,0.0877796901893287,,,,,,,,0,1
1639,110,626,1409,2578.1,2.5858575727181545,631,53,-484.65,-4.5,-0.5,6,GROCERY,1412.73,4,0,0.1743264659270998,,,,,,,,0,1
1640,151,645,261456,4410.1,4.310948191593353,637,64,-721.39,-7.9,-1.2,2,GROCERY,1743.39,5,0,0.2370486656200942,,,,,,,,0,2
1641,47,169,40075,577.62,2.724622641509434,619,31,-108.67,-7.99,0.0,7,GROCERY,280.68,0,0,0.0759289176090468,,,,,,,,0,1
1642,125,355,5460,2096.12,2.053006856023506,680,82,-536.97,-5.35,-2.35,5,GROCERY,1104.49,7,2,0.1838235294117647,,,,,,,,0,2
1643,46,402,40830,1461.4,3.129336188436831,628,31,-320.86,0.0,0.0,5,GROCERY,982.48,0,0,0.0732484076433121,,,,,,,,0,1
1644,26,88,10427,397.48,4.367912087912088,598,9,-63.35,0.0,0.0,4,GROCERY,201.37,0,0,0.0434782608695652,,,,,,,,0,1
1645,8,67,93,296.52,4.176338028169014,551,6,-63.47,0.0,0.0,4,GROCERY,139.96,0,0,0.014519056261343,,,,,,,,0,1
1646,68,156,410,1553.53,6.140434782608695,650,43,-148.82,0.0,0.0,4,GROCERY,1254.67,1,0,0.1046153846153846,,,,,,,,0,1
1647,12,22,29,50.49,1.87,622,9,-9.12,0.0,0.0,1,GROCERY,25.51,0,0,0.0192926045016077,,,,,,,,0,1
1648,116,818,539411,5250.36,3.938754688672168,624,54,-1096.65,-188.54,-31.95,14,GROCERY,2244.86,7,5,0.1858974358974359,35-44,U,15-24K,Probable Renter,Single Female,1,None/Unknown,1,2
1649,48,260,13586,1132.4,3.110989010989011,601,36,-163.36,0.0,0.0,3,GROCERY,498.39,0,0,0.0798668885191347,35-44,B,150-174K,Homeowner,Single Male,1,None/Unknown,0,1
1650,106,418,918,2259.16,3.2741449275362315,588,57,-377.13,-2.5,0.0,2,GROCERY,777.41,0,0,0.1802721088435374,45-54,A,75-99K,Homeowner,2 Adults Kids,3,1,0,1
1651,65,433,715,2025.08,3.3362108731466225,678,48,-337.38,-10.35,0.0,1,DRUG GM,709.75,1,6,0.0958702064896755,,,,,,,,0,1
1652,39,230,307,946.0,3.4652014652014653,702,29,-139.23,0.0,0.0,6,GROCERY,624.48,0,0,0.0555555555555555,,,,,,,,0,1
1653,541,2407,1065654,19153.75,3.5821488685244063,620,89,-4262.47,-37.78,-2.6,14,GROCERY,8268.02,10,1,0.8725806451612903,35-44,B,Under 15K,Homeowner,Single Female,1,None/Unknown,1,2
1654,40,166,26057,786.53,4.251513513513514,629,29,-63.42,-4.0,-0.9,7,GROCERY,338.71,0,0,0.0635930047694753,,,,,,,,0,1
1655,41,179,255,502.77,2.552131979695432,703,15,-99.08,0.0,0.0,3,GROCERY,249.27,0,0,0.0583214793741109,,,,,,,,0,1
1656,10,83,127,458.22,4.723917525773196,631,10,-47.68,0.0,0.0,3,GROCERY,220.2,0,0,0.0158478605388272,,,,,,,,0,1
1657,50,101,42198,647.9,3.745086705202312,574,19,-46.8,0.0,0.0,17,DRUG GM,192.48,0,0,0.0871080139372822,,,,,,,,0,2
1658,69,255,736,1778.67,3.0249489795918367,614,46,-299.05,-2.0,-1.0,7,GROCERY,908.89,0,0,0.1123778501628664,,,,,,,,0,1
1659,130,721,13868,2820.61,2.183134674922601,618,68,-600.62,-1.99,0.0,11,GROCERY,1712.02,6,0,0.2103559870550161,,,,,,,,0,2
1660,62,491,12457,2045.5,3.3045234248788367,645,40,-550.31,-2.5,0.0,9,GROCERY,1317.33,1,0,0.0961240310077519,,,,,,,,0,1
1661,44,298,71695,1425.4,3.811229946524064,660,25,-127.74,-1.65,-1.35,8,GROCERY,643.59,0,0,0.0666666666666666,,,,,,,,0,1
1662,83,1298,3588,8617.94,3.198938381588716,617,61,-1532.05,-5.5,-1.0,4,GROCERY,4593.12,11,0,0.1345218800648298,35-44,U,150-174K,Homeowner,2 Adults No Kids,2,None/Unknown,1,2
1663,196,243,470438,1834.06,5.011092896174863,614,72,-95.01,0.0,0.0,8,KIOSK-GAS,1128.95,2,0,0.3192182410423452,,,,,,,,0,2
1664,41,451,72202,2194.31,3.246020710059172,616,22,-586.01,-11.54,-1.35,2,GROCERY,1284.24,0,0,0.0665584415584415,,,,,,,,0,1
1665,108,379,68357,1556.84,2.9597718631178704,660,59,-508.48,-1.55,-0.45,12,GROCERY,838.27,0,0,0.1636363636363636,,,,,,,,0,2
1666,82,162,4153,1078.47,3.4901941747572818,557,46,-150.92000000000002,0.0,0.0,5,GROCERY,567.9,1,0,0.1472172351885098,,,,,,,,0,1
1667,42,211,448,891.1,3.578714859437751,654,22,-321.86,-3.55,-0.45,3,GROCERY,427.84,1,0,0.0642201834862385,,,,,,,,0,1
1668,94,490,111714,2283.69,3.883826530612245,598,56,-194.65,-4.38,0.0,13,GROCERY,875.77,2,0,0.157190635451505,,,,,,,,0,2
1669,10,74,125,297.97,3.169893617021277,676,9,-49.04,-1.0,0.0,1,GROCERY,180.96,0,0,0.014792899408284,,,,,,,,0,1
1670,19,52,2336,96.48,1.7866666666666668,602,16,-11.28,0.0,0.0,5,GROCERY,38.47,0,0,0.0315614617940199,,,,,,,,0,1
1671,38,422,703,1420.41,2.5825636363636364,640,33,-214.52,-0.35,-0.35,3,GROCERY,990.25,2,0,0.059375,,,,,,,,0,1
1672,75,460,18565,1718.08,2.7533333333333334,670,47,-301.54,-6.5,0.0,5,GROCERY,844.6,2,0,0.1119402985074626,,,,,,,,0,1
1673,110,959,263916,4773.85,3.186815754339119,591,53,-842.33,-16.740000000000002,-1.25,4,GROCERY,2303.22,5,0,0.1861252115059221,,,,,,,,0,2
1674,8,53,103,120.28,1.5035,359,7,-80.45,0.0,0.0,1,GROCERY,90.0,0,0,0.022284122562674,,,,,,,,0,1
1675,102,815,75288,4862.09,3.0312281795511224,575,69,-1467.71,-79.98,-4.25,2,GROCERY,2148.03,8,1,0.177391304347826,,,,,,,,1,2
1676,97,947,207479,5203.43,2.791539699570816,591,58,-772.06,-12.9,-1.35,5,GROCERY,2589.85,6,2,0.1641285956006768,35-44,U,75-99K,Unknown,2 Adults No Kids,2,None/Unknown,0,2
1677,193,1508,4456,12559.61,3.2938919485969054,689,91,-1813.43,-21.35,-3.25,3,GROCERY,8043.73,12,5,0.2801161103047895,45-54,A,75-99K,Homeowner,2 Adults No Kids,2,None/Unknown,1,2
1678,79,625,9977,2613.99,3.025451388888889,581,43,-393.63,-1.0,0.0,3,GROCERY,1266.41,4,0,0.1359724612736661,45-54,U,75-99K,Unknown,Single Female,1,None/Unknown,0,1
1679,47,78,145,276.13,2.3204201680672267,679,15,-51.75,0.0,0.0,4,GROCERY,131.25,0,0,0.0692194403534609,,,,,,,,0,1
1680,51,560,894,2039.68,2.5950127226463104,620,40,-567.01,-37.23,-3.8,5,GROCERY,1304.45,0,0,0.082258064516129,25-34,A,15-24K,Homeowner,2 Adults Kids,3,1,0,1
1681,90,447,104692,2602.28,3.154278787878788,583,46,-419.82,-2.0,0.0,4,GROCERY,1473.4,2,0,0.1543739279588336,,,,,,,,0,1
1682,10,49,7982,158.93,3.056346153846154,623,8,-21.64,0.0,0.0,6,MISC SALES TRAN,70.02,0,0,0.0160513643659711,,,,,,,,0,1
1683,86,414,12271,1920.99,3.680057471264368,679,59,-275.36,-8.0,0.0,3,GROCERY,847.41,4,0,0.1266568483063328,,,,,,,,0,1
1684,50,333,4091,1449.58,3.2870294784580496,643,38,-192.69,-1.0,0.0,8,GROCERY,852.92,0,0,0.077760497667185,,,,,,,,0,1
1685,97,419,652,1571.37,3.099349112426036,663,60,-218.56,-7.1,-0.9,6,GROCERY,1003.71,2,0,0.1463046757164404,,,,,,,,0,1
1686,95,350,12876,1313.76,2.2495890410958905,602,66,-324.91,-3.7,-0.3,8,GROCERY,790.94,1,0,0.1578073089700996,45-54,U,15-24K,Homeowner,2 Adults No Kids,2,None/Unknown,0,1
1687,106,744,1587,3766.27,2.673009226401703,610,66,-691.04,-160.44,-25.1,2,GROCERY,2179.21,6,8,0.1737704918032787,,,,,,,,1,2
1688,36,236,36357,971.12,3.0252959501557632,602,26,-255.57,-4.5,0.0,5,GROCERY,492.67,0,0,0.0598006644518272,,,,,,,,0,1
1689,122,386,115654,2711.79,4.504634551495016,701,71,-632.17,-2.5,0.0,5,GROCERY,1082.51,2,0,0.1740370898716119,45-54,U,50-74K,Unknown,Unknown,1,None/Unknown,0,1
1690,59,354,708,1508.04,2.9980914512922463,602,38,-342.87,-3.0,0.0,6,GROCERY,750.38,0,0,0.0980066445182724,,,,,,,,0,1
1691,50,515,953,2283.69,3.05714859437751,616,40,-442.29,-7.55,-0.45,4,GROCERY,1377.41,0,0,0.0811688311688311,,,,,,,,0,1
1692,150,657,111804,2017.18,2.092510373443984,692,72,-683.76,-2.0,0.0,9,GROCERY,1155.0,3,0,0.2167630057803468,35-44,U,50-74K,Unknown,Unknown,1,None/Unknown,0,2
1693,164,1482,98652,8354.55,2.766407284768212,604,82,-1224.44,-25.55,-7.35,8,GROCERY,4262.9,7,2,0.271523178807947,25-34,A,35-49K,Homeowner,2 Adults Kids,3,1,1,2
1694,249,992,324974,8055.47,2.537955261499685,603,83,-1558.44,-65.61,-9.15,12,GROCERY,4269.85,9,7,0.4129353233830846,35-44,U,15-24K,Probable Renter,Single Female,1,None/Unknown,1,2
1695,160,333,32993,1174.56,2.663401360544217,682,73,-272.44,-1.0,0.0,30,GROCERY,712.72,1,0,0.2346041055718475,35-44,U,25-34K,Homeowner,Single Male,1,None/Unknown,0,2
1696,62,576,1022,2640.01,2.983062146892656,606,46,-263.86,-5.75,0.0,1,GROCERY,1440.42,5,0,0.1023102310231023,45-54,A,50-74K,Homeowner,2 Adults Kids,3,1,0,1
1697,42,224,9711,949.01,3.121743421052632,592,34,-178.57,-0.75,-0.25,6,GROCERY,545.27,0,0,0.0709459459459459,,,,,,,,0,1
1698,38,537,965,1757.51,2.763380503144654,628,26,-242.15,0.0,0.0,3,GROCERY,1005.04,0,0,0.0605095541401273,,,,,,,,0,1
1699,29,193,411,1064.84,3.9148529411764703,610,21,-370.37,-17.45,-0.45,1,GROCERY,564.91,0,0,0.0475409836065573,,,,,,,,0,1
1700,33,431,820,1606.69,2.6556859504132238,602,21,-374.81,0.0,0.0,4,GROCERY,950.8,0,0,0.0548172757475083,,,,,,,,0,1
1701,31,215,137408,1390.28,4.895352112676056,603,25,-105.82,-1.0,0.0,5,GROCERY,552.2,0,0,0.0514096185737976,,,,,,,,0,1
1702,30,363,850,1927.05,3.516514598540146,549,21,-392.27,0.0,0.0,5,GROCERY,1053.45,0,0,0.0546448087431694,,,,,,,,0,1
1703,233,848,2564,4648.88,2.871451513279802,597,68,-702.14,-2.55,-0.45,9,GROCERY,2574.16,5,0,0.3902847571189279,,,,,,,,1,2
1704,46,151,11018,400.83,2.1666486486486485,703,25,-76.64,0.0,0.0,11,GROCERY,207.44,0,0,0.0654338549075391,,,,,,,,0,1
1705,176,649,7815,1805.93,1.8637048503611973,672,75,-345.24,-2.0,0.0,17,GROCERY,1054.61,7,0,0.2619047619047619,,,,,,,,0,2
1706,18,155,197,360.07,2.156107784431138,616,14,-66.64,-22.77,0.0,2,GROCERY,213.52,0,0,0.0292207792207792,,,,,,,,0,1
1707,749,1109,3255,6580.49,2.737308652246256,693,99,-1004.17,-57.35,-12.94,3,GROCERY,3413.68,8,1,1.0808080808080809,35-44,B,25-34K,Unknown,Single Female,1,None/Unknown,1,2
1708,58,628,1817,3571.6,3.279706152433425,605,45,-1054.14,-5.3500000000000005,-2.45,4,GROCERY,2196.1,3,3,0.0958677685950413,45-54,U,25-34K,Unknown,Single Female,1,None/Unknown,0,2
1709,87,519,50994,2141.64,2.6505445544554456,638,48,-473.56,-25.19,-7.0,6,GROCERY,1191.11,1,0,0.1363636363636363,25-34,A,35-49K,Unknown,2 Adults Kids,3,1,0,1
1710,215,1331,407640,11984.59,3.577489552238806,689,84,-2036.09,-37.39,-1.65,15,GROCERY,4872.51,10,3,0.3120464441219158,35-44,A,150-174K,Homeowner,Single Male,2,None/Unknown,1,2
1711,11,173,14081,664.98,3.4277319587628865,579,10,-160.8,-2.49,0.0,4,GROCERY,344.7,0,0,0.0189982728842832,,,,,,,,0,1
1712,33,243,344,728.93,2.487815699658703,573,16,-137.89,-2.75,-0.25,3,GROCERY,357.08,0,0,0.0575916230366492,,,,,,,,0,1
1713,37,197,647,1733.81,4.118313539192399,685,30,-184.35,0.0,0.0,2,GROCERY,1194.72,0,0,0.0540145985401459,,,,,,,,0,1
1714,9,75,124,264.72,3.189397590361446,617,8,-49.67,0.0,0.0,2,GROCERY,133.96,0,0,0.0145867098865478,,,,,,,,0,1
1715,53,333,412,983.53,2.68724043715847,688,45,-129.49,0.0,0.0,5,GROCERY,413.08,0,0,0.0770348837209302,,,,,,,,0,1
1716,180,577,17002,1950.26,2.2572453703703705,611,56,-289.14,-14.04,-0.45,4,GROCERY,1061.31,4,0,0.2945990180032733,,,,,,,,0,1
1717,88,244,15913,1757.9,3.062543554006969,652,66,-672.14,-7.45,-0.8,7,GROCERY,1100.43,1,2,0.1349693251533742,,,,,,,,0,1
1718,35,244,316,868.69,3.0804609929078017,671,27,-129.69,-7.0,0.0,3,GROCERY,431.12,0,0,0.052160953800298,,,,,,,,0,1
1719,83,835,1499,3402.45,2.8003703703703704,638,41,-565.43,-3.99,0.0,5,GROCERY,2264.76,0,0,0.1300940438871473,,,,,,,,0,1
1720,142,842,44951,5755.6900000000005,3.116237141310233,622,79,-690.75,-14.55,-9.13,5,GROCERY,3588.2200000000003,8,0,0.2282958199356913,45-54,U,50-74K,Unknown,Unknown,1,None/Unknown,1,2
1721,17,125,163,339.59,2.534253731343284,595,15,-82.0,0.0,0.0,6,GROCERY,237.79,0,0,0.0285714285714285,,,,,,,,0,1
1722,258,1300,357356,11229.71,3.624825693996127,684,82,-3153.28,-93.9,-15.77,9,GROCERY,7978.76,6,1,0.3771929824561403,45-54,U,15-24K,Unknown,2 Adults No Kids,2,None/Unknown,1,2
1723,86,276,20152,4469.22,7.3026470588235295,674,54,-257.32,0.0,0.0,4,GROCERY,3054.72,3,0,0.1275964391691394,,,,,,,,0,1
1724,95,623,18479,2626.98,2.928628762541806,620,60,-367.01,-4.0,0.0,7,GROCERY,1554.55,0,0,0.1532258064516129,,,,,,,,0,1
1725,19,173,213,826.74,4.32848167539267,627,16,-57.51,0.0,0.0,5,GROCERY,422.44,0,0,0.0303030303030303,,,,,,,,0,1
1726,182,1031,635793,8131.91,3.905816522574448,659,86,-856.03,-216.99,-36.35,4,GROCERY,3293.24,8,26,0.2761760242792109,55-64,U,75-99K,Homeowner,Single Female,1,None/Unknown,1,2
1727,2,18,32645,149.01,8.278333333333332,9,2,-6.39,0.0,0.0,2,MISC SALES TRAN,75.0,0,0,0.2222222222222222,,,,,,,,0,1
1728,21,360,570,1517.18,3.3491832229580574,600,18,-238.42,-16.35,-3.65,1,GROCERY,1013.94,0,0,0.035,,,,,,,,0,1
1729,85,829,6222,2910.61,2.899013944223108,672,54,-518.79,-4.95,-0.8500000000000001,2,GROCERY,1796.09,6,0,0.1264880952380952,,,,,,,,0,2
1730,167,38,1266005,3509.78,17.72616161616162,673,89,-41.47,0.0,0.0,2,KIOSK-GAS,3367.16,0,0,0.2481426448736998,,,,,,,,1,2
1731,72,813,92695,3451.81,2.824721767594108,640,45,-949.29,-15.42,-1.85,4,GROCERY,1903.58,5,0,0.1125,,,,,,,,0,2
1732,98,912,1622,3427.3,2.469236311239193,596,56,-597.13,-28.4,-6.4,6,GROCERY,1654.44,5,1,0.1644295302013423,,,,,,,,0,1
1733,34,325,472,1487.37,3.403592677345538,701,27,-162.12,0.0,0.0,3,DRUG GM,553.46,2,0,0.0485021398002853,,,,,,,,0,1
1734,19,59,7427,161.78,2.5278125,570,16,-30.89,0.0,0.0,4,GROCERY,70.23,0,0,0.0333333333333333,,,,,,,,0,1
1735,93,663,77227,3902.77,3.770792270531401,607,49,-616.91,-2.6,-1.1,3,GROCERY,1729.37,2,0,0.1532125205930807,,,,,,,,0,1
1736,22,131,188,374.48,2.547482993197279,528,19,-98.35,0.0,0.0,4,GROCERY,256.83,0,0,0.0416666666666666,,,,,,,,0,1
1737,27,175,282,350.94,1.4997435897435898,601,21,-113.73,-0.25,-0.25,4,GROCERY,240.95,0,0,0.0449251247920133,,,,,,,,0,1
1738,62,236,659,1379.36,3.831555555555555,656,46,-637.41,-1.14,-0.35,3,GROCERY,767.62,0,0,0.0945121951219512,,,,,,,,0,1
1739,34,253,433,778.4,2.309792284866469,619,27,-192.15,0.0,0.0,5,GROCERY,522.6,0,0,0.0549273021001615,,,,,,,,0,1
1740,390,937,474059,11938.2,3.541441708691783,618,65,-1389.63,-8.5,0.0,16,GROCERY,4577.4800000000005,4,0,0.6310679611650486,19-24,U,250K+,Unknown,Single Female,1,None/Unknown,1,2
1741,15,64,8872,161.99,2.249861111111111,580,14,-26.16,-3.0,0.0,4,GROCERY,80.9,0,0,0.0258620689655172,,,,,,,,0,1
1742,282,387,3515,2140.1,2.4627157652474105,630,90,-251.62,0.0,0.0,13,GROCERY,1366.06,3,0,0.4476190476190476,,,,,,,,0,2
1743,43,307,143323,1168.94,3.247055555555556,628,36,-227.56,-5.73,-1.25,4,GROCERY,566.02,0,0,0.0684713375796178,,,,,,,,0,1
1744,58,187,566,1088.62,3.128218390804597,630,45,-93.68,-2.5,0.0,2,DRUG GM,510.34,1,0,0.092063492063492,,,,,,,,0,1
1745,125,428,1288,2591.48,2.710753138075314,699,74,-520.07,0.0,0.0,5,GROCERY,1500.72,6,0,0.1788268955650929,45-54,A,Under 15K,Unknown,Single Male,2,None/Unknown,0,2
1746,49,455,16869,2177.16,3.690101694915254,631,28,-415.1,-1.0,0.0,5,GROCERY,827.77,2,0,0.0776545166402535,,,,,,,,0,1
1747,92,527,268035,3066.6,3.565813953488372,657,54,-617.15,-4.5,0.0,9,GROCERY,1427.49,4,0,0.1400304414003044,,,,,,,,0,2
1748,247,929,222592,5161.78,3.1378601823708205,592,84,-1098.65,-8.25,-2.0,6,GROCERY,2847.98,0,0,0.4172297297297297,45-54,U,35-49K,Unknown,Single Male,1,None/Unknown,1,2
1749,122,498,414422,4209.35,4.468524416135882,612,67,-479.39,-13.4,-4.7,4,GROCERY,1972.27,6,0,0.1993464052287581,55-64,B,35-49K,Homeowner,Single Male,1,None/Unknown,0,2
1750,20,150,11986,736.42,3.409351851851852,582,18,-236.23,0.0,0.0,3,GROCERY,350.04,0,0,0.0343642611683848,,,,,,,,0,1
1751,142,943,2377,4142.87,2.4269888693614527,690,64,-1000.54,-49.01,-4.4,3,GROCERY,2406.86,5,1,0.2057971014492753,25-34,A,15-24K,Renter,2 Adults Kids,4,2,1,2
1752,196,1157,39199,6593.81,2.419746788990826,650,80,-1481.42,-6.7,-2.7,16,GROCERY,3978.56,9,0,0.3015384615384615,,,,,,,,1,2
1753,456,660,195836,2964.05,2.324745098039216,616,79,-416.29,-10.44,-0.5,2,GROCERY,1191.23,6,2,0.7402597402597403,45-54,U,35-49K,Homeowner,Unknown,1,None/Unknown,1,2
1754,209,741,177631,4120.16,2.865201668984701,666,83,-1413.76,-192.57,-52.75,7,GROCERY,2191.75,7,2,0.3138138138138138,,,,,,,,1,2
1755,31,325,451,1202.51,3.189681697612732,620,25,-174.84,0.0,0.0,6,GROCERY,692.44,0,0,0.05,,,,,,,,0,1
1756,67,638,149834,3344.29,3.666984649122807,648,41,-506.97,-3.0,0.0,8,GROCERY,1443.97,5,0,0.103395061728395,,,,,,,,0,2
1757,10,61,95,253.11,4.08241935483871,420,6,-51.04,0.0,0.0,1,GROCERY,112.4,0,0,0.0238095238095238,,,,,,,,0,1
1758,70,455,885,2041.93,3.025081481481481,677,47,-423.17,-2.5,0.0,1,GROCERY,1018.01,2,0,0.103397341211226,,,,,,,,0,1
1759,219,1044,79830,4009.62,2.1533941997851773,590,63,-1004.99,-6.0,0.0,8,GROCERY,2591.83,6,1,0.3711864406779661,35-44,U,35-49K,Unknown,2 Adults Kids,5+,3+,1,2
1760,53,129,253,563.64,3.0632608695652173,689,34,-59.59,-0.5,-0.5,10,GROCERY,406.3,0,0,0.0769230769230769,,,,,,,,0,1
1761,31,479,767,1845.46,3.0056351791530944,607,27,-351.98,-1.15,-0.95,4,GROCERY,698.44,1,0,0.0510708401976935,,,,,,,,0,1
1762,344,2055,1669880,15360.14,3.4579333633498424,618,88,-2674.38,-53.47,-3.9,12,GROCERY,6874.58,8,5,0.5566343042071198,45-54,A,125-149K,Homeowner,2 Adults Kids,5+,3+,1,2
1763,149,491,1218,3919.37,4.573360560093349,628,67,-545.37,-1.0,0.0,10,GROCERY,1703.78,7,0,0.2372611464968153,,,,,,,,0,2
1764,135,1660,582818,11412.2,3.767646087817762,597,60,-1502.24,-73.53,-16.8,7,GROCERY,4985.25,13,8,0.2261306532663316,45-54,A,75-99K,Homeowner,2 Adults Kids,4,2,1,2
1765,62,771,28018,2949.01,2.614370567375887,609,39,-649.27,-1.0,0.0,5,GROCERY,1819.45,1,0,0.1018062397372742,45-54,U,35-49K,Unknown,Single Male,1,None/Unknown,0,1
1766,38,169,283,460.68,2.1035616438356164,621,22,-102.93,0.0,0.0,10,GROCERY,232.28,0,0,0.0611916264090177,,,,,,,,0,1
1767,485,2069,30218,9204.22,2.5079618528610355,696,82,-1815.67,-6.1,-1.4,8,GROCERY,4684.51,11,0,0.6968390804597702,,,,,,,,1,2
1768,70,314,7298,1522.47,2.878015122873346,595,45,-369.24,0.0,0.0,8,GROCERY,763.51,1,0,0.1176470588235294,,,,,,,,0,1
1769,156,863,25441,7447.28,4.454114832535885,694,77,-1217.03,-1.75,-1.65,5,GROCERY,2789.58,6,0,0.2247838616714697,,,,,,,,1,2
1770,477,1198,889413,8793.19,3.30944298080542,659,86,-1300.3,-208.06,-26.25,9,GROCERY,3515.4500000000003,0,0,0.723823975720789,,,,,,,,1,2
1771,11,124,205,532.2,3.305590062111801,624,11,-46.77,0.0,0.0,3,NUTRITION,300.08,0,0,0.0176282051282051,,,,,,,,0,1
1772,97,413,1169,2452.88,2.327210626185958,592,59,-393.73,-1.0,0.0,3,GROCERY,1373.68,4,0,0.1638513513513513,,,,,,,,0,1
1773,91,493,210424,3356.9,4.422793148880105,632,57,-389.45,-15.0,-5.2,9,GROCERY,1180.03,3,4,0.1439873417721519,,,,,,,,0,2
1774,66,964,2193,5012.46,2.9329783499122293,621,56,-792.4,-36.05,-13.75,3,GROCERY,3164.85,4,0,0.1062801932367149,,,,,,,,0,2
1775,211,1229,579132,9485.14,3.687846034214618,598,81,-1690.91,-184.86,-22.43,14,GROCERY,5446.14,0,0,0.3528428093645485,45-54,A,75-99K,Homeowner,2 Adults Kids,5+,3+,1,2
1776,231,654,2238,3724.26,2.2904428044280443,575,73,-683.98,-12.98,-1.0,6,GROCERY,1781.34,6,0,0.4017391304347826,,,,,,,,1,2
1777,75,225,406,1169.97,4.034379310344828,612,49,-190.72,-1.0,0.0,5,GROCERY,546.26,2,0,0.1225490196078431,,,,,,,,0,1
1778,259,1153,1360804,9336.3,3.278195224719101,626,88,-1127.03,-39.45,-1.5,5,GROCERY,3385.99,8,11,0.413738019169329,25-34,A,35-49K,Homeowner,2 Adults No Kids,2,None/Unknown,1,2
1779,109,889,64405,3508.58,2.315894389438944,666,71,-1078.64,-10.0,-3.75,4,GROCERY,2054.68,6,0,0.1636636636636636,65+,A,75-99K,Homeowner,2 Adults No Kids,2,None/Unknown,0,2
1780,43,365,697,1413.68,2.4124232081911265,655,29,-199.65,-0.75,-0.25,5,GROCERY,863.79,0,0,0.065648854961832,,,,,,,,0,1
1781,93,631,162816,3228.57,3.6113758389261754,622,60,-384.81,-3.0,0.0,3,GROCERY,1182.94,3,0,0.1495176848874598,,,,,,,,0,1
1782,37,332,36401,1742.85,3.855862831858407,639,30,-151.74,-4.5,-0.5,7,GROCERY,663.02,0,0,0.0579029733959311,,,,,,,,0,1
1783,91,765,234883,4125.89,2.857264542936288,654,54,-650.2,-11.5,0.0,6,GROCERY,2270.35,6,0,0.1391437308868501,,,,,,,,0,2
1784,40,403,753,1980.62,3.5179751332149203,668,37,-336.0,0.0,0.0,3,GROCERY,1075.55,2,0,0.059880239520958,,,,,,,,0,1
1785,75,500,817,1555.7,2.18497191011236,641,52,-405.33,-3.5,0.0,3,GROCERY,792.44,1,0,0.1170046801872074,25-34,A,35-49K,Homeowner,2 Adults Kids,5+,3+,0,1
1786,44,99,33626,409.73,3.793796296296296,586,29,-29.43,0.0,0.0,5,GROCERY,113.69,0,0,0.0750853242320819,,,,,,,,0,1
1787,61,351,647,1097.5,2.036178107606679,653,36,-286.13,0.0,0.0,1,GROCERY,672.23,0,0,0.0934150076569678,,,,,,,,0,1
1788,152,1028,320332,9072.28,3.573170539582513,607,77,-538.51,-3.75,0.0,4,GROCERY,4733.08,6,3,0.2504118616144975,35-44,A,75-99K,Homeowner,2 Adults No Kids,2,None/Unknown,1,2
1789,23,98,123,293.19,2.8191346153846157,668,20,-25.42,0.0,0.0,5,GROCERY,124.58,0,0,0.0344311377245509,,,,,,,,0,1
1790,47,271,942,1978.83,3.1211829652996843,634,40,-277.52,0.0,0.0,2,GROCERY,1226.08,3,0,0.0741324921135646,,,,,,,,0,1
1791,140,550,118955,2970.1,2.9612163509471583,607,68,-650.68,-48.8,-10.2,9,GROCERY,995.16,3,3,0.2306425041186161,45-54,B,100-124K,Homeowner,2 Adults No Kids,2,None/Unknown,0,2
1792,126,507,130076,3140.33,2.776595932802829,637,39,-600.99,-5.0,0.0,4,GROCERY,1490.65,1,0,0.1978021978021978,,,,,,,,0,1
1793,63,585,8872,1888.55,2.237618483412322,686,45,-381.17,-9.65,-0.75,3,GROCERY,853.64,2,0,0.0918367346938775,,,,,,,,0,1
1794,77,810,29171,3594.48,2.8147846515270163,689,51,-463.4,-23.75,-3.35,6,GROCERY,1984.57,2,0,0.1117561683599419,,,,,,,,0,2
1795,1138,1795,128554,9751.73,2.073512651499043,621,90,-2792.79,-202.89,-27.1,6,GROCERY,6147.49,8,13,1.8325281803542672,45-54,U,25-34K,Homeowner,2 Adults No Kids,2,None/Unknown,1,2
1796,60,477,109182,2601.06,3.2717735849056604,633,43,-308.0,-13.99,0.0,4,GROCERY,1742.19,2,0,0.0947867298578199,19-24,U,35-49K,Unknown,Single Female,1,None/Unknown,0,1
1797,115,1061,2138,5551.49,3.045249588590236,636,77,-1261.85,-38.2,-17.1,2,GROCERY,2387.55,5,5,0.180817610062893,65+,U,Under 15K,Homeowner,Single Female,1,None/Unknown,1,2
1798,42,640,1186,2457.51,2.549284232365145,602,32,-495.07,-13.1,-2.4,3,GROCERY,1211.44,1,0,0.0697674418604651,,,,,,,,0,1
1799,52,123,230,395.47,2.2859537572254336,636,38,-22.06,0.0,0.0,2,GROCERY,166.96,0,0,0.0817610062893081,,,,,,,,0,1
1800,85,555,634228,3667.31,4.962530446549391,655,51,-445.38,-7.09,-0.9,2,KIOSK-GAS,1505.85,1,0,0.1297709923664122,35-44,A,175-199K,Homeowner,2 Adults No Kids,2,None/Unknown,0,1
1801,64,168,38822,758.74,3.665410628019324,606,43,-100.0,-5.0,0.0,3,DRUG GM,336.85,0,0,0.1056105610561056,,,,,,,,0,1
1802,52,725,29415,4835.4400000000005,3.825506329113925,584,46,-573.94,-5.94,-0.25,3,GROCERY,2612.11,3,1,0.0890410958904109,45-54,U,150-174K,Homeowner,2 Adults No Kids,2,None/Unknown,0,1
1803,216,1344,5978,14420.9,4.705024469820555,693,95,-1248.62,-11.64,-0.75,6,GROCERY,5975.57,13,0,0.3116883116883117,19-24,A,50-74K,Homeowner,2 Adults Kids,3,1,1,2
1804,311,1395,763593,10251.19,3.767434766629916,611,87,-1642.61,-45.54,-2.7,7,GROCERY,3883.76,8,6,0.5090016366612111,65+,A,35-49K,Homeowner,2 Adults No Kids,2,None/Unknown,1,2
1805,77,105,16533,792.2,4.860122699386503,642,51,-34.19,0.0,0.0,4,GROCERY,360.35,0,0,0.1199376947040498,,,,,,,,0,1
1806,139,794,15649,3979.6,2.808468595624559,662,77,-735.76,0.0,0.0,10,GROCERY,2240.06,5,0,0.2099697885196374,,,,,,,,0,2
1807,212,1336,85244,7773.21,3.14959886547812,587,75,-1389.99,-3.0,0.0,3,GROCERY,3783.66,9,0,0.3611584327086882,,,,,,,,1,2
1808,96,362,645,1824.33,3.4036007462686566,675,55,-244.1,-2.0,0.0,7,GROCERY,555.09,3,0,0.1422222222222222,,,,,,,,0,1
1809,61,494,842,1509.41,2.090595567867036,683,48,-339.17,-6.09,-0.95,6,GROCERY,1029.81,1,0,0.089311859443631,,,,,,,,0,1
1810,266,569,199322,4025.59,3.9235769980506814,608,77,-309.89,-5.0,0.0,3,GROCERY,2772.3,3,0,0.4375,,,,,,,,0,2
1811,16,163,30500,852.5600000000001,4.487157894736843,584,12,-211.76,0.0,0.0,5,GROCERY,316.22,0,0,0.0273972602739726,,,,,,,,0,1
1812,104,513,42109,1948.99,2.796255380200861,596,60,-360.58,-6.0,0.0,6,GROCERY,908.24,2,0,0.174496644295302,45-54,U,50-74K,Unknown,Single Female,1,None/Unknown,0,1
1813,4,81,98,233.45,2.8126506024096383,577,4,-32.61,0.0,0.0,2,GROCERY,154.97,0,0,0.0069324090121317,,,,,,,,0,1
1814,52,846,11465,4107.85,3.8680320150659138,604,37,-510.65,-14.19,-1.2,6,GROCERY,2005.79,3,0,0.086092715231788,65+,U,150-174K,Homeowner,2 Adults No Kids,2,None/Unknown,0,1
1815,89,869,273880,4405.47,3.567182186234818,590,51,-746.8,-12.0,-2.45,2,GROCERY,2482.27,1,0,0.1508474576271186,45-54,U,25-34K,Unknown,2 Adults No Kids,2,None/Unknown,0,2
1816,160,999,218175,3869.51,2.976546153846154,643,78,-593.92,-59.46,-8.1,11,GROCERY,1860.26,5,0,0.2488335925349922,19-24,B,Under 15K,Renter,2 Adults Kids,5+,3+,1,2
1817,48,235,2846,1024.72,2.7695135135135134,607,34,-145.44,0.0,0.0,6,GROCERY,542.9,0,0,0.0790774299835255,,,,,,,,0,1
1818,72,322,20255,1333.43,2.97640625,696,31,-217.03,-2.0,0.0,5,GROCERY,598.37,1,0,0.1034482758620689,,,,,,,,0,1
1819,68,380,15019,1446.23,2.7235969868173258,589,46,-257.62,-2.55,-0.45,14,GROCERY,756.49,0,0,0.1154499151103565,,,,,,,,0,2
1820,77,747,28006,4208.08,3.110184774575018,546,42,-441.08,-1.4,0.0,4,GROCERY,2428.55,6,1,0.141025641025641,45-54,A,150-174K,Homeowner,2 Adults No Kids,2,None/Unknown,0,2
1821,128,1022,97170,4937.27,3.045817396668723,673,57,-732.12,-4.15,-0.25,5,GROCERY,2623.36,8,0,0.1901931649331352,,,,,,,,1,2
1822,218,1069,10584,3516.44,2.425131034482759,640,72,-629.35,-1.0,0.0,14,GROCERY,1739.57,3,0,0.340625,55-64,U,35-49K,Unknown,2 Adults No Kids,2,None/Unknown,1,2
1823,377,1428,734387,12268.85,3.2252497371188222,595,84,-2029.3,-220.83,-32.15,5,GROCERY,5683.05,8,27,0.6336134453781512,45-54,A,75-99K,Homeowner,2 Adults No Kids,2,None/Unknown,1,2
1824,165,609,1420,3117.11,2.9715061963775025,644,73,-834.86,-7.25,-0.75,8,GROCERY,1684.75,4,0,0.2562111801242236,,,,,,,,0,2
1825,43,287,99678,1831.84,4.191853546910755,531,32,-360.08,0.0,0.0,4,GROCERY,790.25,1,0,0.0809792843691148,,,,,,,,0,1
1826,111,613,1427,1994.47,1.9825745526838967,627,65,-531.22,0.0,0.0,3,GROCERY,1328.79,1,0,0.1770334928229665,,,,,,,,0,1
1827,41,212,327,682.23,2.545634328358209,692,25,-125.41,0.0,0.0,6,GROCERY,444.27,0,0,0.0592485549132947,,,,,,,,0,1
1828,86,875,10225,5813.77,3.498056558363418,567,43,-624.69,-8.9,-1.9,6,GROCERY,3376.46,6,0,0.1516754850088183,,,,,,,,0,2
1829,320,673,293833,6618.55,3.825751445086705,623,87,-930.11,-12.35,-1.85,11,GROCERY,3481.68,3,0,0.5136436597110754,65+,A,75-99K,Homeowner,Single Female,2,None/Unknown,1,2
1830,1,7,10,39.440000000000005,5.634285714285715,0,1,-10.19,0.0,0.0,1,MEAT,28.67,0,0,0.1244239631336405,,,,,,,,0,1
1831,166,852,478162,5562.06,3.385307364576993,597,72,-1003.97,-79.82000000000001,-38.25,6,GROCERY,2386.02,7,8,0.2780569514237856,55-64,U,75-99K,Homeowner,Single Male,1,None/Unknown,1,2
1832,55,403,715,1357.55,2.131161695447409,612,47,-276.48,-4.05,-0.95,1,GROCERY,562.42,1,0,0.0898692810457516,,,,,,,,0,1
1833,83,669,6516,2991.81,2.962188118811881,695,57,-834.8,-25.9,-6.8,8,GROCERY,1737.38,7,0,0.1194244604316546,25-34,U,25-34K,Homeowner,1 Adult Kids,5+,3+,0,2
1834,135,681,89945,3769.5,3.013189448441247,575,62,-758.72,-11.25,-0.25,3,GROCERY,2245.79,5,0,0.2347826086956521,45-54,U,125-149K,Homeowner,Unknown,5+,3+,0,2
1835,310,1293,823477,10995.71,3.323975211608223,694,96,-1440.86,-26.35,-2.3000000000000003,8,GROCERY,4640.2,11,0,0.446685878962536,,,,,,,,1,2
1836,93,475,120508,2991.96,3.609119420989144,639,61,-285.68,0.0,0.0,15,GROCERY,1832.08,6,0,0.1455399061032863,,,,,,,,0,2
1837,160,721,249828,7528.5,5.8045489591364685,632,67,-991.88,-37.63,-2.35,7,GROCERY,4660.54,5,0,0.2531645569620253,,,,,,,,1,2
1838,34,291,552,1179.61,3.2766944444444444,578,29,-413.33,-5.5,0.0,2,GROCERY,664.15,0,0,0.0588235294117647,,,,,,,,0,1
1839,99,282,1024,1764.15,1.917554347826087,591,68,-185.22,-44.75,0.0,2,GROCERY,1158.86,1,2,0.1675126903553299,,,,,,,,0,1
1840,37,90,209,337.21,3.151495327102804,465,19,-23.97,-1.55,-0.45,4,GROCERY,167.87,1,0,0.0795698924731182,,,,,,,,0,1
1841,32,393,1041,2401.78,3.14781127129751,604,31,-300.72,-5.15,-3.5500000000000003,2,GROCERY,1513.06,1,0,0.0529801324503311,45-54,B,35-49K,Homeowner,2 Adults No Kids,2,None/Unknown,0,1
1842,19,183,346,906.65,3.2265124555160143,591,18,-86.67999999999999,-0.75,-0.25,4,GROCERY,356.84000000000003,0,0,0.0321489001692047,,,,,,,,0,1
1843,42,169,246,770.15,3.889646464646464,680,27,-101.24,0.0,0.0,9,GROCERY,356.94,0,0,0.0617647058823529,,,,,,,,0,1
1844,83,318,600,1523.8,3.2699570815450643,612,58,-97.6,-16.34,0.0,28,GROCERY,460.37,0,0,0.1356209150326797,45-54,A,250K+,Homeowner,2 Adults No Kids,2,None/Unknown,0,2
1845,151,1636,15949,12647.61,2.8948523689631496,661,87,-1492.78,-15.29,-2.2,5,GROCERY,6792.85,10,2,0.2284417549167927,45-54,U,175-199K,Unknown,2 Adults Kids,3,1,1,2
1846,25,194,348,690.39,3.0684,608,18,-305.51,-2.5,0.0,5,GROCERY,510.86,0,0,0.0411184210526315,,,,,,,,0,1
1847,103,438,22800,2678.71,3.1039513325608343,608,60,-615.92,-3.0,0.0,8,GROCERY,1423.36,2,0,0.1694078947368421,45-54,U,175-199K,Unknown,Single Female,1,None/Unknown,0,1
1848,110,1191,279085,10848.11,3.810365296803653,601,74,-752.58,-10.35,-1.6,2,GROCERY,6024.88,4,0,0.1830282861896838,45-54,A,75-99K,Homeowner,Unknown,3,1,1,2
1849,162,571,1493,2666.5,2.6453373015873014,664,73,-752.4,-41.24,-0.45,2,GROCERY,1524.45,3,0,0.2439759036144578,,,,,,,,0,2
1850,223,1147,667952,6882.11,3.468805443548387,589,76,-652.76,-1.85,-0.85,4,GROCERY,2278.22,3,2,0.3786078098471986,65+,A,75-99K,Homeowner,Single Female,2,None/Unknown,1,2
1851,41,371,508,1255.55,2.790111111111111,676,27,-258.69,-5.0,0.0,2,GROCERY,661.89,0,0,0.0606508875739644,,,,,,,,0,1
1852,317,1691,900726,9800.02,3.716351915054987,683,75,-1262.36,-17.25,-4.05,8,GROCERY,3866.33,8,0,0.4641288433382137,,,,,,,,1,2
1853,36,72,100,274.39,3.118068181818181,659,26,-23.99,0.0,0.0,4,GROCERY,199.49,0,0,0.054628224582701,,,,,,,,0,1
1854,273,1120,507116,7631.72,3.56956033676333,665,89,-803.55,-4.99,0.0,5,GROCERY,3565.0,5,5,0.4105263157894737,,,,,,,,1,2
1855,11,34,15953,251.95,6.998611111111111,628,10,-20.87,0.0,0.0,3,DRUG GM,116.58,0,0,0.0175159235668789,,,,,,,,0,1
1856,459,1328,11653,4661.53,2.2530352827452877,694,99,-758.86,-144.09,-24.24,3,GROCERY,2608.14,8,10,0.6613832853025937,,,,,,,,1,2
1857,82,390,90157,1755.3,3.05801393728223,683,48,-245.61,-11.49,-0.5,11,GROCERY,963.42,1,0,0.1200585651537335,,,,,,,,0,2
1858,67,424,1169,2860.07,3.052369263607257,608,53,-429.88,-29.6,-4.55,2,GROCERY,1542.58,2,0,0.1101973684210526,25-34,B,150-174K,Homeowner,Single Female,1,None/Unknown,0,1
1859,35,340,617,1791.28,4.175477855477856,602,29,-202.21,-0.25,-0.25,9,GROCERY,676.24,1,0,0.0581395348837209,,,,,,,,0,1
1860,58,212,27441,753.42,2.690785714285714,533,40,-174.6,-2.59,-1.0,6,GROCERY,371.58,1,0,0.1088180112570356,,,,,,,,0,1
1861,123,543,1138,1868.45,2.380191082802548,704,61,-429.23,-10.25,-0.25,15,GROCERY,1156.6,5,0,0.1747159090909091,25-34,U,15-24K,Homeowner,2 Adults Kids,4,2,0,2
1862,142,425,116551,2210.04,3.212267441860465,611,59,-407.01,-15.3,-1.2,8,GROCERY,868.25,5,0,0.23240589198036,,,,,,,,0,1
1863,14,110,157,411.45,3.486864406779661,457,10,-111.51,0.0,0.0,6,DRUG GM,175.89,0,0,0.0306345733041575,,,,,,,,0,1
1864,164,1623,475536,16941.58,4.071516462388849,607,81,-1481.47,-34.5,-7.6,6,GROCERY,9124.48,5,4,0.2701812191103789,45-54,U,125-149K,Homeowner,1 Adult Kids,5+,3+,1,2
1865,161,832,2725,6651.93,2.872163212435233,686,92,-531.99,-4.35,-1.25,7,GROCERY,3670.92,8,0,0.2346938775510204,45-54,U,50-74K,Homeowner,Unknown,1,None/Unknown,1,2
1866,15,39,106,159.05,3.384042553191489,546,14,-42.05,0.0,0.0,6,GROCERY,76.28,0,0,0.0274725274725274,,,,,,,,0,1
1867,75,185,62273,1093.51,4.481598360655737,625,26,-418.7,-12.0,-0.75,2,GROCERY,469.84,0,0,0.12,,,,,,,,0,1
1868,39,246,10159,700.96,2.1973667711598748,678,29,-251.6,0.0,0.0,8,GROCERY,436.37,0,0,0.0575221238938053,,,,,,,,0,1
1869,119,966,37546,3630.62,2.466453804347826,637,70,-994.51,-50.84,-12.6,5,GROCERY,1851.13,7,5,0.1868131868131868,19-24,A,35-49K,Renter,2 Adults No Kids,2,None/Unknown,1,2
1870,37,50,183,303.6,3.5302325581395357,635,34,-95.76,-1.1,-0.9,6,GROCERY,257.36,0,0,0.058267716535433,,,,,,,,0,1
1871,20,150,231,547.41,2.683382352941176,618,17,-44.65,0.0,0.0,4,GROCERY,172.13,0,0,0.0323624595469255,,,,,,,,0,1
1872,162,639,183846,3762.97,3.828046795523907,660,73,-476.39,-38.52,-1.5,4,GROCERY,1791.05,8,1,0.2454545454545454,,,,,,,,1,2
1873,269,1210,396548,5686.82,2.8562631843294826,682,83,-915.03,-9.0,0.0,4,GROCERY,2155.81,9,0,0.3944281524926686,35-44,U,15-24K,Unknown,Single Male,1,None/Unknown,1,2
1874,33,202,70438,834.29,3.4052653061224487,581,26,-150.89,-14.99,0.0,2,GROCERY,312.84,0,0,0.0567986230636833,,,,,,,,0,1
1875,44,177,107543,909.05,4.094819819819819,621,25,-128.62,-2.4,-0.4,6,GROCERY,285.63,0,0,0.0708534621578099,,,,,,,,0,1
1876,5,14,13828,86.19,6.156428571428571,628,5,-6.359999999999999,0.0,0.0,2,DRUG GM,36.42,0,0,0.0079617834394904,,,,,,,,0,1
1877,64,437,809,1975.04,3.558630630630631,676,44,-426.72,0.0,0.0,5,GROCERY,1139.37,1,0,0.0946745562130177,,,,,,,,0,1
1878,35,195,320,625.64,2.923551401869158,694,20,-109.36,-3.0,0.0,4,GROCERY,394.12,0,0,0.0504322766570605,,,,,,,,0,1
1879,274,327,3041,4861.95,2.243631748961698,611,85,-797.03,-13.25,-1.15,1,GROCERY,2901.9,3,0,0.4484451718494271,65+,A,35-49K,Unknown,Single Male,2,None/Unknown,1,2
1880,36,282,486,773.39,2.197130681818182,625,27,-179.58,0.0,0.0,4,GROCERY,440.71,0,0,0.0576,,,,,,,,0,1
1881,119,309,328582,2913.96,3.4731346841477952,596,70,-301.38,-1.0,0.0,4,GROCERY,1232.84,2,0,0.1996644295302013,,,,,,,,0,2
1882,26,129,167,405.54,2.7587755102040816,614,16,-67.65,0.0,0.0,5,GROCERY,252.49,0,0,0.0423452768729641,,,,,,,,0,1
1883,126,681,13834,2460.98,2.5163394683026583,664,64,-494.53,-6.45,-0.95,8,GROCERY,1537.7,6,0,0.1897590361445783,,,,,,,,0,2
1884,30,137,6994,592.73,3.8740522875817,634,21,-60.96,-2.0,0.0,5,GROCERY,251.3,0,0,0.0473186119873817,,,,,,,,0,1
1885,13,34,66588,265.35,6.633750000000001,595,10,-6.43,0.0,0.0,4,MISC SALES TRAN,95.41,0,0,0.0218487394957983,,,,,,,,0,1
1886,31,127,174,406.25,2.840909090909091,664,18,-55.5,-1.5,-0.3,3,GROCERY,251.9,0,0,0.0466867469879518,,,,,,,,0,1
1887,88,173,428,876.88,2.6332732732732733,666,55,-207.67,-5.0,0.0,5,GROCERY,383.74,1,0,0.1321321321321321,,,,,,,,0,1
1888,11,61,4609,135.61,2.152539682539683,454,6,-16.33,0.0,0.0,3,GROCERY,71.28,0,0,0.0242290748898678,,,,,,,,0,1
1889,46,385,37088,1803.8,3.3779026217228463,597,37,-260.19,-17.96,-4.15,4,GROCERY,849.72,2,0,0.0770519262981574,,,,,,,,0,1
1890,51,387,735,1934.45,2.971505376344086,629,39,-211.92,-6.0,-1.0,3,GROCERY,1040.73,1,0,0.081081081081081,,,,,,,,0,1
1891,38,268,562,1344.71,3.6343513513513512,614,28,-251.25,-4.75,-0.75,8,GROCERY,809.54,0,0,0.0618892508143322,,,,,,,,0,1
1892,307,983,137208,5532.21,2.842862281603289,604,76,-1284.1,-3.6,-0.9,9,GROCERY,2525.37,7,0,0.5082781456953642,35-44,A,35-49K,Homeowner,2 Adults Kids,3,1,1,2
1893,18,60,73851,373.71,5.83921875,613,14,-23.83,0.0,0.0,6,KIOSK-GAS,190.0,0,0,0.0293637846655791,,,,,,,,0,1
1894,42,569,48857,2335.47,3.143297442799461,557,34,-371.92,-7.5,-2.65,4,GROCERY,1583.47,2,0,0.0754039497307001,35-44,A,100-124K,Homeowner,2 Adults No Kids,2,None/Unknown,0,1
1895,49,154,272,927.56,5.211011235955056,630,33,-164.74,-11.49,0.0,5,GROCERY,352.83,2,0,0.0777777777777777,,,,,,,,0,1
1896,129,894,43945,3378.34,2.5867840735068914,636,61,-622.53,-1.0,0.0,12,GROCERY,1580.82,1,0,0.2028301886792453,45-54,A,50-74K,Homeowner,2 Adults No Kids,2,None/Unknown,0,2
1897,1,5,5,19.58,3.916,0,1,-0.98,0.0,0.0,1,GROCERY,19.08,0,0,0.1244239631336405,,,,,,,,0,1
1898,48,184,465,717.71,2.619379562043796,615,30,-243.09,-8.0,0.0,6,GROCERY,500.48,0,0,0.0780487804878048,,,,,,,,0,1
1899,69,1313,13975,11276.8,3.4826436071649165,685,62,-1875.7,-65.34,-20.9,4,GROCERY,7075.16,12,9,0.1007299270072992,25-34,A,25-34K,Homeowner,2 Adults Kids,3,1,1,2
1900,56,1170,2697,8541.14,3.956062992125984,596,48,-876.18,-4.5,-0.5,5,GROCERY,4591.07,2,0,0.0939597315436241,,,,,,,,0,2
1901,852,2561,60290,11462.24,2.8218217626784834,650,94,-1773.42,-70.65,-1.54,9,GROCERY,5131.33,10,0,1.310769230769231,45-54,U,35-49K,Homeowner,2 Adults Kids,3,1,1,2
1902,21,455,891,1646.0,2.818493150684932,630,18,-390.73,-9.65,-0.6,5,GROCERY,1025.56,0,0,0.0333333333333333,,,,,,,,0,1
1903,40,416,31253,1152.32,2.2462378167641326,607,25,-280.13,-7.88,-0.4,2,GROCERY,809.5600000000001,0,0,0.0658978583196046,,,,,,,,0,1
1904,28,105,4057,304.26,2.305,612,25,-52.76,0.0,0.0,4,GROCERY,166.85,0,0,0.0457516339869281,,,,,,,,0,1
1905,81,386,20622,1772.91,3.510712871287129,687,56,-246.19,-6.5,0.0,6,GROCERY,734.47,3,0,0.1179039301310043,,,,,,,,0,1
1906,163,1207,342222,8631.61,3.6590122933446376,606,77,-1331.57,-5.05,-0.25,5,GROCERY,4307.99,7,0,0.2689768976897689,,,,,,,,1,2
1907,388,1490,440805,8939.5,2.5695602184535784,603,75,-1677.62,-80.75,-13.05,12,GROCERY,3930.31,9,3,0.6434494195688225,25-34,B,50-74K,Unknown,Single Male,1,None/Unknown,1,2
1908,38,177,284,714.3100000000001,2.616520146520146,523,29,-114.69,0.0,0.0,2,GROCERY,469.9,0,0,0.0726577437858508,,,,,,,,0,1
1909,22,151,288,546.99,2.409647577092511,600,20,-89.93,0.0,0.0,3,GROCERY,331.62,0,0,0.0366666666666666,,,,,,,,0,1
1910,26,116,225,741.83,3.904368421052632,592,20,-84.95,-0.75,0.0,2,GROCERY,344.9,0,0,0.0439189189189189,,,,,,,,0,1
1911,124,283,233902,1601.27,3.1961477045908184,594,71,-219.32,0.0,0.0,5,GROCERY,666.17,3,0,0.2087542087542087,35-44,A,50-74K,Unknown,Single Male,2,None/Unknown,0,1
1912,96,449,1476,2256.45,2.642213114754098,615,62,-374.67,-7.5,-0.5,2,GROCERY,1322.75,2,0,0.1560975609756097,,,,,,,,0,1
1913,49,212,3775,895.76,3.269197080291971,705,36,-211.55,0.0,0.0,2,GROCERY,377.11,0,0,0.0695035460992907,,,,,,,,0,1
1914,157,361,1406,4075.95,3.486698032506416,676,83,-287.21,0.0,0.0,6,DRUG GM,1915.72,7,0,0.2322485207100591,55-64,B,75-99K,Homeowner,Single Female,1,None/Unknown,0,2
1915,28,113,56569,485.8,3.4211267605633804,619,19,-41.01,0.0,0.0,5,GROCERY,203.49,0,0,0.0452342487883683,,,,,,,,0,1
1916,150,714,9283,2885.7,2.546954986760812,691,68,-533.59,-4.0,0.0,18,GROCERY,1670.79,7,0,0.2170767004341534,,,,,,,,0,2
1917,291,1282,3408,6788.0,2.584920030464585,703,100,-1164.07,-38.44,-1.15,2,GROCERY,4128.81,14,7,0.4139402560455192,65+,U,15-24K,Unknown,Single Female,1,None/Unknown,1,2
1918,69,623,94935,3012.49,3.4626321839080463,617,39,-584.03,-17.85,-5.3,4,GROCERY,1561.68,2,0,0.1118314424635332,,,,,,,,0,1
1919,100,837,209641,4154.95,2.7317225509533203,661,61,-885.66,-48.54,-2.6,3,GROCERY,2130.31,7,0,0.151285930408472,35-44,A,35-49K,Homeowner,1 Adult Kids,5+,3+,0,2
1920,93,374,659,1927.74,3.239899159663865,607,53,-180.67,-6.640000000000001,-0.25,4,GROCERY,814.35,4,0,0.1532125205930807,55-64,A,50-74K,Homeowner,2 Adults No Kids,2,None/Unknown,0,1
1921,104,291,50987,1460.12,2.9086055776892428,542,54,-594.34,-11.35,-2.75,5,GROCERY,452.71,2,3,0.1918819188191882,35-44,A,35-49K,Homeowner,2 Adults No Kids,2,None/Unknown,0,1
1922,113,596,53406,3096.94,2.757738201246661,647,74,-318.93,-1.0,0.0,7,GROCERY,1641.19,4,0,0.1746522411128284,,,,,,,,0,2
1923,167,723,555478,4870.31,4.051838602329451,655,83,-432.8,-18.15,-6.15,7,GROCERY,1740.91,6,7,0.2549618320610687,19-24,B,35-49K,Renter,Single Female,1,None/Unknown,1,2
1924,221,1248,52302,6225.45,2.8609604779411764,598,80,-1178.03,-15.73,-0.85,9,GROCERY,4275.84,8,0,0.3695652173913043,,,,,,,,1,2
1925,118,591,112990,3019.2,3.13195020746888,604,60,-259.95,-0.75,-0.25,12,GROCERY,1148.9,2,0,0.195364238410596,,,,,,,,0,2
1926,73,314,62028,2145.71,4.025722326454034,598,52,-836.12,-28.39,-5.8,7,GROCERY,1198.21,0,0,0.1220735785953177,25-34,U,35-49K,Homeowner,2 Adults No Kids,2,None/Unknown,0,1
1927,98,1036,2498,5097.28,3.169950248756219,608,50,-890.77,-5.99,0.0,11,GROCERY,2940.75,4,0,0.1611842105263158,19-24,U,Under 15K,Unknown,Unknown,1,None/Unknown,0,2
1928,114,447,81935,2328.37,2.710558789289872,677,79,-588.04,-29.64,-6.0,8,GROCERY,1347.28,5,1,0.1683899556868537,35-44,B,75-99K,Homeowner,2 Adults Kids,3,1,0,2
1929,62,788,2137,4395.83,2.429977888336097,701,51,-771.66,-3.0,0.0,2,GROCERY,2563.34,5,0,0.0884450784593438,35-44,B,25-34K,Homeowner,Single Male,1,None/Unknown,0,2
1930,182,659,1169,2674.9,2.955690607734806,597,66,-406.5,-2.8,-0.3,4,GROCERY,1561.3,5,0,0.304857621440536,,,,,,,,0,2
1931,101,415,1060,2211.08,2.827468030690537,623,62,-638.62,-2.8,-0.3,3,GROCERY,982.38,3,0,0.1621187800963081,45-54,U,50-74K,Homeowner,Unknown,1,None/Unknown,0,1
1932,74,339,238422,2678.78,5.723888888888889,678,45,-347.1,-0.75,-0.45,5,GROCERY,897.45,1,0,0.1091445427728613,,,,,,,,0,1
1933,85,514,104603,2180.2200000000003,3.032294853963839,671,50,-378.5,-2.99,0.0,7,GROCERY,1118.25,2,0,0.1266766020864381,,,,,,,,0,1
1934,15,194,14405,542.87,2.402079646017699,522,14,-136.16,0.0,0.0,2,GROCERY,293.54,0,0,0.028735632183908,,,,,,,,0,1
1935,177,729,1175583,12371.26,4.946525389844062,597,76,-903.3,-285.46,-55.13,2,GROCERY,4864.95,6,9,0.2964824120603015,55-64,A,150-174K,Homeowner,2 Adults No Kids,2,None/Unknown,1,2
1936,463,799,225820,5029.86,2.895716753022452,676,86,-774.47,-13.75,-0.25,8,GROCERY,2442.55,7,1,0.6849112426035503,,,,,,,,1,2
1937,158,1306,39613,6742.4400000000005,2.2348160424262518,665,85,-1082.42,-32.35,-4.4,10,GROCERY,3909.76,6,14,0.237593984962406,45-54,A,50-74K,Homeowner,2 Adults No Kids,2,None/Unknown,1,2
1938,28,211,316,1032.95,4.1318,640,24,-120.21,0.0,0.0,7,GROCERY,570.8000000000001,0,0,0.04375,,,,,,,,0,1
1939,75,646,230264,3784.62,3.3670996441281136,687,49,-683.53,-0.55,-0.35,2,GROCERY,2032.25,4,0,0.1091703056768559,35-44,A,50-74K,Homeowner,2 Adults No Kids,2,None/Unknown,0,2
1940,75,610,1441,2392.72,1.809924357034796,662,59,-352.3,-4.0,-1.0,3,GROCERY,1148.75,2,0,0.1132930513595166,,,,,,,,0,1
1941,135,229,7300,742.85,1.79,620,61,-187.54,0.0,0.0,5,GROCERY,509.6,2,0,0.2177419354838709,,,,,,,,0,1
1942,151,578,35022,3135.06,4.1856608811749,605,65,-325.78,0.0,0.0,4,GROCERY,1315.72,2,0,0.2495867768595041,,,,,,,,0,2
1943,212,962,113894,5116.58,2.8144004400440044,694,91,-853.68,-11.06,-0.7,9,GROCERY,2358.62,11,0,0.3054755043227665,,,,,,,,1,2
1944,180,1176,681060,10942.88,3.720802448146889,616,84,-1277.46,-81.94,-12.98,7,GROCERY,5257.37,12,10,0.2922077922077922,25-34,U,125-149K,Homeowner,2 Adults Kids,4,2,1,2
1945,19,240,485,1020.57,3.0740060240963856,638,16,-137.26,-1.0,0.0,2,GROCERY,753.52,0,0,0.0297805642633228,,,,,,,,0,1
1946,49,486,20582,3312.46,3.052958525345622,675,44,-597.59,0.0,0.0,3,GROCERY,2040.44,2,0,0.0725925925925926,25-34,U,75-99K,Unknown,Single Male,1,None/Unknown,0,1
1947,90,653,56069,7209.25,3.6282083543029695,596,60,-944.44,-17.65,-2.35,5,GROCERY,3954.9,8,5,0.1510067114093959,,,,,,,,1,2
1948,83,507,982,1602.32,1.7903016759776536,623,52,-285.14,-19.88,-4.18,6,GROCERY,1024.03,1,0,0.1332263242375602,35-44,U,50-74K,Homeowner,Single Female,1,None/Unknown,0,1
1949,54,381,771,1658.96,3.0162909090909094,625,33,-350.64,0.0,0.0,8,GROCERY,887.43,1,0,0.0864,45-54,U,Under 15K,Unknown,Single Female,1,None/Unknown,0,1
1950,31,240,409,746.74,2.620140350877193,621,19,-176.5,-10.0,-1.5,3,GROCERY,344.7,1,0,0.0499194847020934,,,,,,,,0,1
1951,18,127,177,561.48,4.010571428571429,650,12,-84.45,-5.0,-1.0,7,DRUG GM,275.53000000000003,0,0,0.0276923076923076,,,,,,,,0,1
1952,36,214,99584,1003.87,3.936745098039216,624,21,-209.17,0.0,0.0,4,GROCERY,400.44,0,0,0.0576923076923076,,,,,,,,0,1
1953,113,565,1111,2722.81,3.1995417156286723,633,60,-425.51,-1.9,-0.4,11,GROCERY,1161.17,2,0,0.1785150078988941,45-54,U,50-74K,Homeowner,Unknown,1,None/Unknown,0,2
1954,143,352,11570,1965.65,3.196178861788618,656,75,-266.69,0.0,0.0,10,GROCERY,807.52,7,0,0.2179878048780487,,,,,,,,0,2
1955,156,1106,248410,7634.5,3.24320305862362,689,69,-1191.78,-36.2,-12.65,5,GROCERY,4219.71,11,0,0.2264150943396226,25-34,U,35-49K,Unknown,Single Male,1,None/Unknown,1,2
1956,60,418,740,2174.55,3.8419611307420496,663,39,-350.37,-1.75,-0.25,6,GROCERY,1187.58,0,0,0.090497737556561,,,,,,,,0,1
1957,44,427,778,1994.23,2.998842105263158,651,36,-302.68,-19.0,0.0,5,GROCERY,1178.18,2,6,0.0675883256528417,,,,,,,,0,1
1958,35,391,589,1017.86,2.2469315673289185,649,30,-179.37,-2.3,-1.3,7,GROCERY,648.1800000000001,0,0,0.0539291217257318,,,,,,,,0,1
1959,104,962,457162,5592.54,3.515109993714645,602,49,-1096.16,-36.6,-4.05,15,GROCERY,2689.17,3,1,0.1727574750830564,,,,,,,,1,2
1960,93,412,265254,2637.78,4.5874434782608695,630,53,-666.26,-2.75,-0.25,4,MEAT,748.89,0,0,0.1476190476190476,,,,,,,,0,1
1961,92,445,746,1634.22,2.687861842105263,660,49,-291.47,-1.34,0.0,4,GROCERY,960.55,3,0,0.1393939393939394,,,,,,,,0,1
1962,132,772,164043,3512.55,3.1112046058458813,635,65,-354.25,-9.25,-1.25,11,GROCERY,1837.19,2,0,0.2078740157480315,65+,U,25-34K,Unknown,2 Adults No Kids,2,None/Unknown,0,2
1963,50,653,5635,2542.45,2.562953629032258,633,39,-418.2,-18.25,-4.55,5,GROCERY,1458.94,2,4,0.0789889415481832,,,,,,,,0,1
1964,68,637,1140,1990.12,2.0453442959917782,593,57,-422.12,-23.65,0.0,3,GROCERY,1174.96,1,0,0.1146711635750421,65+,U,Under 15K,Renter,Single Male,1,None/Unknown,0,1
1965,163,651,569604,4142.69,3.971898370086289,599,76,-650.16,-38.33,-3.1,2,GROCERY,1451.96,7,4,0.2721202003338898,25-34,A,50-74K,Homeowner,2 Adults Kids,3,1,1,2
1966,129,1213,10969,5307.89,2.257715865589111,594,72,-1011.54,-10.25,-1.15,7,GROCERY,2585.08,8,0,0.2171717171717171,,,,,,,,1,2
1967,73,608,35295,1802.93,2.2735561160151323,688,48,-269.23,-1.55,-0.45,10,GROCERY,1023.48,0,0,0.1061046511627906,,,,,,,,0,2
1968,89,529,6187,2479.97,2.607749737118822,644,62,-459.08,0.0,0.0,1,GROCERY,1582.19,3,0,0.1381987577639751,,,,,,,,0,1
1969,230,507,1392,2246.2,1.9807760141093476,633,90,-670.81,-3.38,0.0,5,GROCERY,1532.18,3,0,0.3633491311216429,,,,,,,,0,2
1970,69,303,9113,1091.08,2.597809523809524,641,47,-221.79,-2.5,-0.5,9,GROCERY,611.88,1,0,0.1076443057722308,,,,,,,,0,1
1971,155,814,421982,5297.13,3.5575083948959034,671,76,-734.53,-6.99,-2.1,5,GROCERY,2713.4700000000003,5,0,0.2309985096870342,,,,,,,,1,2
1972,120,756,17139,2435.73,2.26158774373259,588,61,-392.88,-4.5,-3.5,15,GROCERY,1614.79,3,0,0.2040816326530612,,,,,,,,0,2
1973,130,179,418,1683.55,4.395691906005222,530,36,-155.13,-1.85,-0.85,1,GROCERY,1306.32,0,0,0.2452830188679245,,,,,,,,0,1
1974,198,647,237349,5266.0,3.435094585779517,485,67,-801.42,-27.130000000000003,-0.25,9,GROCERY,3198.04,5,0,0.4082474226804123,,,,,,,,1,2
1975,363,1673,545648,17548.27,4.350091720376797,664,96,-1625.6,-208.31,-58.47,10,GROCERY,9077.16,14,6,0.5466867469879518,35-44,B,75-99K,Renter,Single Male,1,None/Unknown,1,2
1976,165,853,1667,3546.81,2.568291093410572,637,80,-525.92,-7.74,-2.0,8,GROCERY,2282.04,7,0,0.2590266875981161,25-34,A,50-74K,Homeowner,2 Adults Kids,5+,3+,1,2
1977,30,74,10179,357.99,4.313132530120482,529,23,-94.41,-9.99,0.0,3,GROCERY,136.48,0,0,0.0567107750472589,,,,,,,,0,1
1978,89,329,64598,1459.68,2.7750570342205325,679,55,-183.63,-5.25,-0.75,7,GROCERY,827.23,6,0,0.1310751104565537,,,,,,,,0,1
1979,101,204,26122,1146.67,3.041564986737401,667,65,-257.56,-25.3,-1.16,4,GROCERY,591.26,3,0,0.1514242878560719,45-54,U,150-174K,Unknown,2 Adults Kids,3,1,0,1
1980,54,838,110374,4443.15,3.373690205011389,616,45,-853.7,-4.4,-0.45,4,GROCERY,2513.17,1,0,0.0876623376623376,55-64,A,50-74K,Homeowner,Single Female,2,None/Unknown,0,1
1981,100,369,775,1450.68,2.484041095890411,632,61,-498.37,-13.35,-0.35,6,GROCERY,737.82,1,0,0.1582278481012658,,,,,,,,0,1
1982,160,550,353562,4213.85,2.569420731707317,604,64,-517.22,0.0,0.0,2,GROCERY,2101.38,2,0,0.2649006622516556,25-34,U,100-124K,Unknown,Single Male,1,None/Unknown,0,2
1983,38,461,22755,2497.9,3.927515723270441,624,28,-323.49,-3.3,-1.8,2,GROCERY,1269.06,0,0,0.0608974358974358,,,,,,,,0,1
1984,3,15,22,38.94,2.596,32,3,-12.26,0.0,0.0,1,GROCERY,20.27,0,0,0.09375,,,,,,,,0,1
1985,156,1298,3291,8605.36,3.3341185586981794,670,76,-1193.53,-23.55,-5.85,4,GROCERY,4716.16,12,3,0.2328358208955223,25-34,U,50-74K,Unknown,Unknown,5+,3+,1,2
1986,12,94,130,230.06,2.371752577319588,566,11,-52.86,-2.0,0.0,3,GROCERY,139.65,0,0,0.0212014134275618,,,,,,,,0,1
1987,76,694,1168,1973.54,2.1381798483206933,601,52,-652.92,-10.0,-1.5,10,GROCERY,1209.62,1,0,0.1264559068219634,,,,,,,,0,1
1988,184,1110,402444,7907.93,4.632647920328061,631,72,-1321.93,-74.3,-5.15,7,GROCERY,3307.07,1,0,0.2916006339144215,,,,,,,,1,2
1989,153,452,117677,3052.87,2.226746900072939,631,85,-660.52,-36.65,-5.85,5,GROCERY,1538.83,3,8,0.242472266244057,65+,U,15-24K,Homeowner,Single Female,1,None/Unknown,0,2
1990,131,603,474924,4593.26,3.420148920327625,618,75,-756.25,-82.39,-23.05,2,GROCERY,2341.21,3,9,0.2119741100323624,35-44,A,125-149K,Homeowner,2 Adults Kids,5+,3+,1,2
1991,45,89,13658,320.14,2.540793650793651,628,38,-38.01,0.0,0.0,5,GROCERY,199.69,0,0,0.071656050955414,,,,,,,,0,1
1992,30,113,204,528.65,3.5719594594594595,585,27,-104.7,-0.6,-0.4,2,GROCERY,336.35,0,0,0.0512820512820512,,,,,,,,0,1
1993,82,444,62653,1359.33,2.3436724137931035,597,54,-332.08,-2.5,-1.5,5,GROCERY,662.61,1,0,0.1373534338358459,,,,,,,,0,1
1994,43,318,494,1069.0,2.6791979949874687,664,35,-217.46,-1.0,-0.5,4,GROCERY,611.51,0,0,0.0647590361445783,,,,,,,,0,1
1995,154,2225,427801,15332.43,3.425475871313673,593,69,-2480.39,-25.6,-1.9,6,GROCERY,7136.89,11,7,0.2596964586846543,25-34,B,25-34K,Unknown,1 Adult Kids,3,2,1,2
1996,119,455,833,2654.2,3.802578796561604,667,75,-333.54,-0.85,-0.85,10,GROCERY,1971.86,2,0,0.1784107946026986,,,,,,,,0,2
1997,67,734,118002,4295.68,3.4283160415003997,640,47,-481.85,-4.8,-0.7,3,GROCERY,2291.04,4,0,0.1046875,25-34,U,50-74K,Unknown,Single Male,1,None/Unknown,0,1
1998,331,441,1950,2383.54,1.4078795038393384,641,92,-594.16,0.0,0.0,2,GROCERY,2060.66,5,0,0.516380655226209,,,,,,,,1,2
1999,52,249,398,783.33,2.4788924050632914,596,36,-158.93,0.0,0.0,7,GROCERY,388.98,0,0,0.087248322147651,,,,,,,,0,1
2000,61,163,259,552.29,2.6051415094339623,661,43,-156.52,-2.5,0.0,7,GROCERY,306.86,0,0,0.0922844175491679,,,,,,,,0,1
2001,35,291,57473,1214.28,3.2209018567639256,659,28,-219.3,-1.0,0.0,5,GROCERY,556.44,0,0,0.0531107738998482,,,,,,,,0,1
2002,63,600,64774,2465.12,2.600337552742616,670,44,-671.14,-1.0,0.0,10,GROCERY,1479.38,1,0,0.0940298507462686,35-44,U,35-49K,Homeowner,Single Female,1,None/Unknown,0,2
2003,42,542,950,1976.48,2.5242401021711367,672,32,-248.06,-8.5,-2.8,7,GROCERY,1368.09,0,0,0.0625,,,,,,,,0,1
2004,248,1106,4227,10053.87,2.789642064372919,642,91,-1399.57,-182.28,-52.09,6,GROCERY,5834.84,10,15,0.3862928348909657,45-54,U,50-74K,Unknown,Unknown,1,None/Unknown,1,2
2005,52,459,32277,1439.19,2.39865,641,44,-344.17,-2.5,0.0,4,GROCERY,738.0,0,0,0.0811232449297972,,,,,,,,0,1
2006,111,913,68094,4873.24,2.873372641509434,690,67,-1188.7,-60.6,-17.6,3,GROCERY,3006.21,5,1,0.1608695652173913,45-54,U,Under 15K,Unknown,Single Male,1,None/Unknown,1,2
2007,191,1179,650821,8887.75,3.714061847053907,648,83,-1249.22,-71.99,-6.3,11,GROCERY,3997.81,10,23,0.294753086419753,45-54,A,50-74K,Homeowner,2 Adults Kids,3,1,1,2
2008,68,544,952,2332.45,2.963722998729352,692,46,-275.44,-33.05,-9.95,6,GROCERY,1369.43,3,0,0.0982658959537572,,,,,,,,0,1
2009,33,339,31504,1506.88,3.7391563275434248,313,17,-294.23,-5.9,-0.35,3,GROCERY,806.27,1,0,0.1054313099041533,,,,,,,,0,1
2010,58,375,8006,1605.98,3.0648473282442747,603,25,-258.88,-1.5,0.0,3,GROCERY,878.0,0,0,0.0961857379767827,,,,,,,,0,1
2011,104,230,716,1367.34,2.91543710021322,653,67,-325.51,-1.0,0.0,5,GROCERY,693.37,3,2,0.1592649310872894,45-54,U,75-99K,Homeowner,Single Male,1,None/Unknown,0,1
2012,303,1380,488172,8535.06,2.883466216216216,636,85,-1908.31,-60.83,-5.5,7,GROCERY,3606.36,6,0,0.4764150943396226,45-54,A,25-34K,Renter,Single Male,2,None/Unknown,1,2
2013,94,440,622,1182.47,2.269616122840691,565,53,-211.5,-4.1,-0.9,6,GROCERY,624.85,2,0,0.1663716814159292,19-24,U,25-34K,Unknown,Single Female,1,None/Unknown,0,1
2014,44,429,803,1489.89,2.210519287833828,594,34,-266.78000000000003,-2.0,0.0,3,GROCERY,825.24,1,0,0.074074074074074,,,,,,,,0,1
2015,122,759,2387,6628.7,3.299502239920358,633,79,-973.87,-36.32,-14.4,5,GROCERY,3626.08,6,0,0.1927330173775671,,,,,,,,1,2
2016,126,455,1217,1728.53,1.9959930715935332,658,55,-453.61,-4.25,0.0,9,GROCERY,1046.57,2,0,0.1914893617021276,,,,,,,,0,2
2017,170,1240,606148,7106.62,2.6726664159458444,641,83,-1261.55,-1.0,0.0,2,GROCERY,3378.12,7,0,0.2652106084243369,45-54,A,75-99K,Homeowner,2 Adults No Kids,2,None/Unknown,1,2
2018,148,804,1783,4038.15,2.9497078159240324,704,64,-572.32,-1.5,-0.5,5,GROCERY,1992.08,3,0,0.2102272727272727,45-54,U,50-74K,Unknown,Unknown,1,None/Unknown,0,2
2019,337,1637,110411,13160.5,3.462378321494344,608,71,-2393.38,-112.18,-13.05,8,GROCERY,7501.99,10,9,0.5542763157894737,,,,,,,,1,2
2020,252,1277,3707,8458.210000000001,3.0557117052023126,644,89,-1259.87,-2.75,0.0,7,GROCERY,4434.9,6,0,0.391304347826087,35-44,A,100-124K,Unknown,2 Adults Kids,5+,3+,1,2
2021,77,248,645,1393.24,2.9706609808102344,657,57,-301.35,-1.0,0.0,1,GROCERY,612.44,1,0,0.1171993911719939,,,,,,,,0,1
2022,86,1396,71943,7875.78,3.951721023582538,608,61,-1040.66,-31.81,-1.3,3,GROCERY,3458.14,0,0,0.1414473684210526,,,,,,,,1,2
2023,109,276,2670,1805.63,4.075914221218962,617,59,-493.7,-11.88,0.0,5,GROCERY,898.58,0,0,0.1766612641815235,45-54,U,35-49K,Homeowner,2 Adults Kids,3,1,0,1
2024,99,789,226198,4956.99,3.984718649517685,653,59,-574.44,-60.34,-6.85,12,GROCERY,2208.8,5,1,0.1516079632465543,25-34,B,125-149K,Homeowner,2 Adults No Kids,2,None/Unknown,1,2
2025,33,210,151530,1119.54,4.569551020408163,625,29,-116.61,-0.4,-0.4,2,GROCERY,447.48,0,0,0.0528,,,,,,,,0,1
2026,18,292,722,1181.63,2.9467082294264344,571,14,-654.05,-6.08,0.0,2,GROCERY,596.9,0,0,0.031523642732049,,,,,,,,0,1
2027,133,492,1029,1915.28,2.7128611898017,665,66,-505.75,-0.5,-0.5,13,GROCERY,1155.0,4,0,0.2,,,,,,,,0,2
2028,91,382,5114,1984.73,3.0026172465960665,677,60,-319.83,-2.1,-0.9,6,GROCERY,1281.73,0,0,0.1344165435745938,,,,,,,,0,1
2029,46,337,609,1688.9,3.671521739130435,565,34,-364.8,-2.5,0.0,5,GROCERY,799.0600000000001,2,0,0.0814159292035398,,,,,,,,0,1
2030,90,702,18944,2628.1,2.6386546184738955,600,55,-450.93,-21.14,-6.95,6,GROCERY,1360.9,5,0,0.15,35-44,B,75-99K,Homeowner,Single Female,1,None/Unknown,0,1
2031,15,120,196,306.37,2.1275694444444446,571,11,-52.9,-1.33,0.0,4,GROCERY,177.86,0,0,0.0262697022767075,,,,,,,,0,1
2032,66,162,54904,1274.78,5.2895435684647305,636,45,-140.17,-1.0,0.0,6,GROCERY,501.5,1,0,0.1037735849056603,,,,,,,,0,1
2033,109,418,155622,2512.78,4.354904679376084,639,58,-226.89,-5.89,-0.85,12,GROCERY,936.84,1,0,0.1705790297339593,,,,,,,,0,2
2034,140,668,208720,3118.35,2.537306753458096,641,72,-645.68,-12.99,0.0,13,GROCERY,1587.08,2,0,0.2184087363494539,,,,,,,,0,2
2035,68,332,658,1083.62,2.2435196687370604,598,44,-293.72,-2.35,-0.35,4,GROCERY,592.44,1,0,0.1137123745819397,,,,,,,,0,1
2036,49,685,17855,4064.45,3.4270236087689714,593,37,-407.37,-4.94,-2.2,1,GROCERY,1622.04,2,0,0.0826306913996627,,,,,,,,0,1
2037,97,404,894,1743.97,2.452841068917018,601,59,-317.27,-1.6,-1.4,3,GROCERY,1129.24,4,0,0.1613976705490848,,,,,,,,0,1
2038,59,278,63815,1489.8,3.849612403100775,676,42,-285.22,-4.0,0.0,7,GROCERY,694.37,0,0,0.0872781065088757,,,,,,,,0,1
2039,74,471,59000,2260.46,3.071277173913044,699,20,-504.85,-1.5,-0.25,3,GROCERY,1167.41,1,0,0.105865522174535,,,,,,,,0,1
2040,422,577,139750,2968.51,2.0458373535492766,633,69,-581.8100000000001,-96.62,0.0,2,DRUG GM,1267.72,0,0,0.6666666666666666,25-34,U,25-34K,Homeowner,Single Male,1,None/Unknown,1,2
2041,152,859,171837,6406.99,4.078287714831317,595,70,-1052.28,-16.8,-0.45,5,GROCERY,3500.26,3,1,0.2554621848739495,35-44,B,35-49K,Renter,2 Adults No Kids,2,None/Unknown,1,2
2042,29,604,33007,4809.05,4.383819507748405,631,25,-868.52,-22.68,-5.9,7,GROCERY,2842.1,4,5,0.045958795562599,,,,,,,,0,1
2043,65,451,10295,1640.79,2.2323673469387755,608,47,-332.25,-2.5,0.0,2,GROCERY,839.72,1,0,0.1069078947368421,,,,,,,,0,1
2044,49,268,413,1000.84,2.909418604651163,646,37,-115.26,0.0,0.0,11,GROCERY,403.19,2,0,0.0758513931888544,,,,,,,,0,1
2045,19,86,13893,310.64,3.4903370786516854,483,17,-33.8,-1.0,0.0,6,GROCERY,131.67,0,0,0.0393374741200828,,,,,,,,0,1
2046,48,160,16367,638.8,3.6295454545454544,630,40,-82.79,-1.0,0.0,6,GROCERY,268.5,1,0,0.0761904761904762,,,,,,,,0,1
2047,119,997,398288,4816.35,3.5889344262295086,591,55,-788.88,-31.4,-8.95,6,GROCERY,1902.82,5,0,0.2013536379018612,,,,,,,,1,2
2048,47,252,65575,1538.46,4.822758620689656,669,22,-182.62,-4.85,-0.35,2,DRUG GM,758.62,0,0,0.070254110612855,,,,,,,,0,1
2049,36,235,390,998.12,3.5021754385964914,663,32,-183.93,-18.59,0.0,3,GROCERY,723.6,0,0,0.0542986425339366,,,,,,,,0,1
2050,160,877,395770,5193.22,4.025751937984496,691,82,-1014.32,0.0,0.0,2,GROCERY,1763.2,5,0,0.2315484804630969,35-44,A,25-34K,Homeowner,2 Adults Kids,5+,3+,1,2
2051,288,644,250384,4923.16,3.687760299625468,447,49,-577.62,-12.87,-2.1,5,GROCERY,2559.91,6,0,0.6442953020134228,,,,,,,,1,2
2052,6,51,68,131.83,2.535192307692308,590,5,-40.38,0.0,0.0,3,GROCERY,69.52,0,0,0.0101694915254237,,,,,,,,0,1
2053,165,598,44566,3351.34,2.608046692607004,597,74,-625.07,-3.0,-0.5,10,GROCERY,2008.74,5,0,0.2763819095477386,45-54,A,15-24K,Homeowner,2 Adults No Kids,2,None/Unknown,0,2
2054,26,66,110,217.6,2.68641975308642,666,23,-171.02,0.0,0.0,2,MEAT,103.83,0,0,0.039039039039039,,,,,,,,0,1
2055,133,443,32010,2408.74,3.0762962962962965,601,61,-304.45,-0.35,-0.35,4,GROCERY,1521.28,3,0,0.2212978369384359,,,,,,,,0,1
2056,108,502,929,2450.8,3.1022784810126582,619,55,-414.28,-10.09,0.0,1,GROCERY,1377.17,3,0,0.1744749596122778,,,,,,,,0,1
2057,125,689,307581,3150.45,3.241203703703704,609,65,-709.07,-12.54,-1.65,10,GROCERY,1543.16,2,1,0.2052545155993431,35-44,A,35-49K,Homeowner,2 Adults No Kids,2,None/Unknown,0,2
2058,167,790,138770,5970.57,3.5496848989298453,703,91,-520.63,-9.68,-4.0,9,GROCERY,2405.03,7,0,0.2375533428165007,25-34,B,125-149K,Homeowner,2 Adults No Kids,2,None/Unknown,1,2
2059,54,534,25283,2359.12,3.267479224376731,618,33,-481.69,0.0,0.0,10,GROCERY,958.82,1,0,0.087378640776699,,,,,,,,0,1
2060,32,109,31540,629.9,4.564492753623188,593,26,-61.19,0.0,0.0,2,GROCERY,198.23,0,0,0.0539629005059021,,,,,,,,0,1
2061,18,73,97,226.71,2.983026315789474,551,16,-40.93,-14.99,0.0,4,GROCERY,100.98,0,0,0.0326678765880217,,,,,,,,0,1
2062,220,1081,54586,5357.62,2.605846303501945,667,77,-1641.34,-21.380000000000003,-8.95,13,GROCERY,2469.41,6,7,0.3298350824587706,25-34,U,25-34K,Unknown,2 Adults No Kids,2,None/Unknown,1,2
2063,81,432,1340,2591.43,2.6660802469135803,660,61,-529.5600000000001,-1.55,-0.45,1,GROCERY,871.44,2,0,0.1227272727272727,55-64,A,75-99K,Homeowner,2 Adults No Kids,2,None/Unknown,0,1
2064,271,1140,22382,5424.85,3.17614168618267,698,84,-584.7,-5.75,-0.25,14,GROCERY,2899.5,3,2,0.3882521489971346,19-24,U,50-74K,Unknown,Single Female,1,None/Unknown,1,2
2065,89,739,1358,3268.33,2.6680244897959184,646,55,-637.25,-29.3,-5.65,3,GROCERY,1656.31,3,0,0.1377708978328173,,,,,,,,0,2
2066,112,404,19031,2141.78,3.908357664233577,645,53,-567.74,-11.2,-1.7000000000000002,9,GROCERY,1017.37,5,1,0.1736434108527131,,,,,,,,0,2
2067,6,52,76,120.01,2.0340677966101697,605,4,-16.04,0.0,0.0,2,GROCERY,54.26,0,0,0.0099173553719008,,,,,,,,0,1
2068,108,755,33021,2561.4,1.928765060240964,617,71,-720.52,-28.7,-4.35,3,GROCERY,1366.09,4,0,0.1750405186385737,55-64,A,50-74K,Homeowner,Single Female,2,None/Unknown,0,2
2069,89,540,3381,2068.17,2.9757841726618706,655,51,-301.64,-2.3,-0.3,6,GROCERY,1013.12,3,0,0.1358778625954198,35-44,U,15-24K,Unknown,Single Female,1,None/Unknown,0,1
2070,635,1646,122835,9210.42,2.8675031133250317,618,89,-2206.18,-146.49,-27.55,5,GROCERY,4561.28,7,0,1.0275080906148868,45-54,U,50-74K,Unknown,Unknown,1,None/Unknown,1,2
2071,215,370,761,1732.97,2.678469860896445,596,70,-362.63,-0.25,-0.25,2,GROCERY,816.59,2,0,0.360738255033557,,,,,,,,0,2
2072,12,120,178,278.28,2.0020143884892083,584,7,-65.99,-5.0,-2.0,2,GROCERY,145.86,0,0,0.0205479452054794,,,,,,,,0,1
2073,72,422,114970,1697.23,2.6602351097178683,517,34,-496.33,-3.5,-0.5,2,GROCERY,954.22,0,0,0.1392649903288201,,,,,,,,0,1
2074,29,201,3941,678.72,2.348512110726644,541,27,-147.29,-2.85,-1.35,2,GROCERY,490.36,1,0,0.0536044362292051,,,,,,,,0,1
2075,155,960,169218,4736.51,2.932823529411765,682,56,-969.76,-24.35,-5.1,3,GROCERY,2290.17,4,0,0.2272727272727272,,,,,,,,1,2
2076,252,986,682151,8297.94,3.06649667405765,658,86,-1068.15,-39.4,-3.99,10,GROCERY,3632.95,10,0,0.3829787234042553,25-34,A,100-124K,Homeowner,2 Adults Kids,3,1,1,2
2077,109,350,82476,1835.18,2.7638253012048195,613,59,-203.9,0.0,0.0,6,GROCERY,677.24,0,0,0.1778140293637846,,,,,,,,0,1
2078,92,343,143234,2323.92,4.97627408993576,678,51,-378.67,-5.75,-1.85,5,DRUG GM,1202.78,5,0,0.135693215339233,,,,,,,,0,1
2079,120,678,9783,4802.87,3.547171344165436,631,60,-717.45,0.0,0.0,6,GROCERY,1944.22,7,0,0.1901743264659271,,,,,,,,0,2
2080,130,655,77840,5704.14,2.482219321148825,643,54,-858.97,-14.95,-2.95,7,GROCERY,3180.86,8,3,0.2021772939346811,,,,,,,,1,2
2081,35,197,492,921.84,3.439701492537313,586,27,-191.22,0.0,0.0,9,GROCERY,486.3,1,0,0.0597269624573378,,,,,,,,0,1
2082,191,825,456309,5082.41,3.4954676753782667,614,77,-981.97,-13.79,-0.45,12,GROCERY,1732.43,5,3,0.3110749185667752,45-54,A,Under 15K,Homeowner,2 Adults Kids,3,1,1,2
2083,383,1013,368048,8308.39,3.4488958073889577,634,90,-1195.81,-83.9,-20.05,11,GROCERY,3628.37,6,1,0.6041009463722398,,,,,,,,1,2
2084,132,677,150947,2937.95,3.0540020790020788,605,63,-817.94,-7.55,-1.45,10,GROCERY,1274.1,3,2,0.2181818181818181,55-64,A,125-149K,Homeowner,2 Adults No Kids,2,None/Unknown,0,2
2085,359,1886,412750,12894.57,3.2869156257965844,657,92,-2914.36,-36.34,-4.35,6,GROCERY,5743.4,8,8,0.5464231354642314,35-44,A,35-49K,Homeowner,2 Adults No Kids,2,None/Unknown,1,2
2086,575,911,19982,6269.54,3.40921152800435,633,88,-973.51,-44.85,-0.65,5,GROCERY,3036.19,6,0,0.9083728278041074,45-54,A,25-34K,Homeowner,2 Adults No Kids,2,None/Unknown,1,2
2087,227,1311,492857,7832.74,3.021890432098765,677,93,-1818.86,-14.6,-1.4,3,GROCERY,3845.13,7,6,0.3353028064992615,45-54,B,100-124K,Homeowner,Unknown,1,None/Unknown,1,2
2088,109,984,3279,4905.71,2.281725581395349,690,71,-972.03,-10.3,-0.7,9,GROCERY,3078.15,10,2,0.1579710144927536,25-34,U,35-49K,Unknown,Single Female,1,None/Unknown,1,2
2089,34,23,68,159.96,2.423636363636364,689,34,-24.36,0.0,0.0,1,GROCERY,155.58,0,0,0.0493468795355587,,,,,,,,0,1
2090,56,374,35842,1201.03,2.588426724137931,657,43,-304.83,-1.55,-0.45,1,GROCERY,656.0600000000001,0,0,0.0852359208523592,,,,,,,,0,1
2091,15,235,343,834.5600000000001,3.0020143884892088,607,14,-153.51,0.0,0.0,1,GROCERY,485.44,0,0,0.0247116968698517,,,,,,,,0,1
2092,122,436,162402,2290.54,3.212538569424965,456,49,-361.52,-55.79,-17.8,7,GROCERY,1107.55,3,0,0.2675438596491228,35-44,A,Under 15K,Homeowner,1 Adult Kids,3,1,0,2
2093,19,98,62652,490.98,4.306842105263158,560,15,-89.57,-5.0,0.0,4,GROCERY,175.84,0,0,0.0339285714285714,,,,,,,,0,1
2094,75,730,1663,3055.52,2.842344186046512,651,55,-691.96,-2.0,0.0,3,GROCERY,1614.36,2,3,0.1152073732718894,45-54,A,50-74K,Homeowner,2 Adults No Kids,2,None/Unknown,0,2
2095,164,976,80276,3790.49,2.112870680044593,708,73,-500.85,-8.6,-2.15,11,GROCERY,1760.72,9,0,0.231638418079096,,,,,,,,1,2
2096,26,303,618,1301.65,3.303680203045685,496,19,-343.75,0.0,0.0,1,GROCERY,602.59,0,0,0.0524193548387096,,,,,,,,0,1
2097,202,730,692236,8823.83,6.218343904157858,619,79,-1862.11,-18.84,-1.5,12,GROCERY,4179.95,6,0,0.3263327948303716,35-44,A,15-24K,Homeowner,2 Adults Kids,5+,3+,1,2
2098,13,158,279,682.46,3.046696428571429,598,13,-103.5,-0.75,-0.75,1,GROCERY,395.11,1,0,0.0217391304347826,,,,,,,,0,1
2099,53,109,52524,691.3,3.862011173184357,671,34,-81.17,0.0,0.0,7,GROCERY,258.18,1,0,0.0789865871833084,,,,,,,,0,1
2100,71,660,23296,3185.31,2.2784763948497853,599,50,-1274.55,-20.07,-4.4,3,GROCERY,1775.54,4,14,0.1185308848080133,65+,A,35-49K,Homeowner,2 Adults No Kids,2,None/Unknown,0,2
2101,10,86,170,420.02,3.2559689922480617,630,9,-59.92,0.0,0.0,2,GROCERY,330.42,0,0,0.0158730158730158,,,,,,,,0,1
2102,106,542,1236,3619.76,3.5314731707317075,702,70,-642.34,-6.1,-0.4,4,GROCERY,1485.37,3,0,0.150997150997151,55-64,A,175-199K,Homeowner,2 Adults No Kids,2,None/Unknown,0,2
2103,30,117,162,361.01,2.560354609929078,646,26,-53.69,0.0,0.0,1,GROCERY,114.7,0,0,0.0464396284829721,,,,,,,,0,1
2104,29,162,15575,494.57,2.875406976744186,619,17,-123.37,0.0,0.0,6,GROCERY,247.88,0,0,0.0468497576736672,,,,,,,,0,1
2105,35,309,4236,899.92,2.122452830188679,699,21,-179.47,-1.0,0.0,4,GROCERY,598.48,0,0,0.050071530758226,,,,,,,,0,1
2106,52,473,134928,2807.03,4.413569182389938,452,32,-237.1,-2.0,0.0,6,GROCERY,1138.85,0,0,0.1150442477876106,,,,,,,,0,1
2107,87,575,1563,3409.06,2.993028972783143,625,56,-812.14,-1.0,0.0,4,GROCERY,1760.05,4,0,0.1392,35-44,A,75-99K,Homeowner,2 Adults Kids,5+,3+,0,1
2108,131,423,4324,1830.99,2.6847360703812315,606,75,-504.74,-3.75,-0.75,3,GROCERY,918.88,2,0,0.2161716171617161,,,,,,,,0,1
2109,120,383,1231,2508.24,2.6999354144241123,635,77,-495.24,-0.75,-0.25,2,GROCERY,1238.02,4,0,0.1889763779527559,,,,,,,,0,1
2110,222,1798,284700,12470.03,3.8193047473200616,701,97,-954.66,-40.56,-1.85,4,GROCERY,3561.91,11,0,0.3166904422253923,35-44,A,125-149K,Homeowner,2 Adults No Kids,2,None/Unknown,1,2
2111,123,428,122100,2590.37,3.9547633587786257,668,74,-1632.26,-267.8,-66.01,7,GROCERY,1298.02,5,1,0.1841317365269461,45-54,U,75-99K,Homeowner,2 Adults No Kids,2,None/Unknown,1,2
2112,132,979,82034,5116.15,2.923514285714285,688,74,-1689.84,-71.56,-5.75,5,GROCERY,2378.53,7,4,0.191860465116279,45-54,A,35-49K,Homeowner,2 Adults Kids,5+,3+,1,2
2113,60,484,13656,1599.08,2.2746514935988618,629,42,-257.99,-22.5,-3.4,9,GROCERY,956.91,0,0,0.095389507154213,,,,,,,,0,1
2114,156,519,28782,3170.28,2.3872590361445787,660,83,-433.91,-48.21,-15.3,4,GROCERY,1004.61,5,0,0.2363636363636363,,,,,,,,0,2
2115,320,1566,1976712,14774.86,3.899408814990763,636,90,-1497.02,-169.3,-55.08,8,GROCERY,5917.32,9,2,0.5031446540880503,35-44,A,150-174K,Homeowner,2 Adults Kids,5+,3+,1,2
2116,224,2136,495774,12228.09,2.901777408637874,702,93,-1969.74,-18.85,-7.75,11,GROCERY,6139.47,7,0,0.3190883190883191,35-44,A,75-99K,Homeowner,2 Adults Kids,5+,3+,1,2
2117,63,350,678,1050.39,1.6463793103448277,596,55,-274.18,-28.14,-0.25,1,GROCERY,457.46,4,1,0.1057046979865771,,,,,,,,0,1
2118,29,291,24224,1107.79,3.0686703601108034,593,22,-255.5,-2.35,-1.85,6,GROCERY,530.4,0,0,0.0489038785834738,,,,,,,,0,1
2119,44,707,157304,2295.16,2.3066934673366832,597,35,-833.96,-180.08,-79.73,3,GROCERY,1273.66,0,0,0.0737018425460636,25-34,U,50-74K,Homeowner,Single Male,1,None/Unknown,1,2
2120,72,324,36411,1643.2,3.5956236323851205,639,34,-221.81,-3.0,0.0,10,GROCERY,813.32,0,0,0.1126760563380281,,,,,,,,0,1
2121,143,987,512254,5582.79,3.694765056254136,598,72,-777.4,-47.87,-6.9,13,GROCERY,2376.09,4,0,0.2391304347826087,55-64,B,35-49K,Homeowner,2 Adults No Kids,2,None/Unknown,1,2
2122,12,140,28759,441.84,2.7964556962025315,654,11,-63.35,-3.0,0.0,2,GROCERY,239.21,0,0,0.018348623853211,,,,,,,,0,1
2123,59,647,1833,4332.45,2.9573037542662117,592,55,-883.69,-16.65,-1.35,3,GROCERY,2433.26,3,10,0.0996621621621621,45-54,U,75-99K,Homeowner,2 Adults No Kids,2,None/Unknown,0,2
2124,240,962,1122323,7859.41,3.0170479846449134,697,91,-975.98,-165.78,-23.3,5,GROCERY,2813.62,8,20,0.3443328550932568,25-34,A,50-74K,Homeowner,2 Adults Kids,4,2,1,2
2125,113,708,470921,4833.29,4.401903460837887,659,50,-916.07,-2.85,-0.35,12,GROCERY,2267.76,0,0,0.1714719271623672,,,,,,,,0,2
2126,127,870,69145,4713.85,3.2045207341944257,605,67,-642.82,0.0,0.0,10,GROCERY,1585.89,0,0,0.2099173553719008,,,,,,,,0,2
2127,26,328,65569,1461.82,3.8068229166666665,645,19,-406.35,-9.55,-0.45,5,GROCERY,782.7,0,0,0.0403100775193798,,,,,,,,0,1
2128,82,348,97584,1877.71,4.513725961538461,611,36,-167.7,-4.25,0.0,8,DRUG GM,849.66,2,0,0.1342062193126023,,,,,,,,0,1
2129,163,1234,377508,7164.99,2.994145424153782,599,81,-1190.44,-13.59,0.0,5,GROCERY,3832.85,8,0,0.2721202003338898,25-34,U,35-49K,Unknown,1 Adult Kids,2,1,1,2
2130,97,1121,34696,6060.39,4.122714285714286,601,60,-1003.54,-197.82,-29.9,11,GROCERY,3601.41,3,15,0.1613976705490848,25-34,B,50-74K,Homeowner,Single Female,1,None/Unknown,1,2
2131,140,779,1730,3982.87,2.9745108289768485,567,60,-672.99,-5.75,-0.25,10,GROCERY,2088.65,6,0,0.2469135802469135,,,,,,,,0,2
2132,42,187,283,575.87,2.6660648148148147,640,33,-92.92,0.0,0.0,4,GROCERY,267.57,0,0,0.065625,,,,,,,,0,1
2133,141,965,301668,6759.92,3.710164654226125,629,71,-748.84,0.0,0.0,7,GROCERY,3755.88,7,0,0.2241653418124006,55-64,A,100-124K,Unknown,2 Adults No Kids,2,None/Unknown,1,2
2134,89,1449,13877,9129.83,3.4439192757450017,681,67,-1580.03,-39.47,-3.8,2,GROCERY,3982.82,9,1,0.1306901615271659,35-44,U,35-49K,Unknown,Single Female,1,None/Unknown,1,2
2135,45,216,4933,779.29,2.606321070234113,586,32,-89.31,-1.0,0.0,4,GROCERY,413.4,0,0,0.0767918088737201,,,,,,,,0,1
2136,18,371,581,1552.43,3.2008865979381445,668,14,-166.82,-5.99,0.0,4,GROCERY,671.5,0,0,0.0269461077844311,,,,,,,,0,1
2137,186,657,232943,2970.14,2.920491642084562,614,70,-594.98,0.0,0.0,11,GROCERY,1007.41,3,0,0.3029315960912052,,,,,,,,0,2
2138,66,529,957,1878.48,2.829036144578313,581,41,-438.89,-18.8,-3.7,4,GROCERY,1069.7,3,0,0.1135972461273666,,,,,,,,0,1
2139,372,863,97803,4695.59,3.033326873385013,650,90,-556.38,-66.09,-0.7,6,GROCERY,2220.32,9,0,0.5723076923076923,,,,,,,,1,2
2140,51,331,25199,1567.89,3.050369649805448,576,32,-219.55,-17.4,0.0,1,GROCERY,690.62,0,0,0.0885416666666666,65+,A,15-24K,Homeowner,2 Adults No Kids,2,None/Unknown,0,1
2141,90,693,2251,5246.67,4.476680887372014,705,63,-708.48,-18.99,0.0,6,GROCERY,3110.17,8,0,0.1276595744680851,,,,,,,,0,2
2142,106,1087,33073,7631.12,3.0671704180064308,645,70,-959.5,-2.75,-0.75,4,GROCERY,5426.66,5,0,0.1643410852713178,,,,,,,,1,2
2143,9,105,148,298.65,2.666517857142857,596,8,-84.75,0.0,0.0,2,GROCERY,133.46,0,0,0.0151006711409395,,,,,,,,0,1
2144,49,435,47316,2265.9,4.283364839319471,567,31,-358.96,-1.77,0.0,12,GROCERY,977.36,1,0,0.0864197530864197,,,,,,,,0,1
2145,38,223,30233,1090.62,4.194692307692308,591,29,-110.32,-1.0,0.0,3,GROCERY,526.72,1,0,0.0642978003384094,,,,,,,,0,1
2146,58,391,616,1692.54,3.117016574585635,682,47,-217.55,-5.29,0.0,7,GROCERY,1256.1,2,0,0.0850439882697947,,,,,,,,0,1
2147,96,1075,117458,5706.01,2.309190611088628,592,67,-1138.64,-15.45,-1.25,12,GROCERY,2884.78,4,9,0.1621621621621621,25-34,A,75-99K,Homeowner,2 Adults Kids,3,1,1,2
2148,124,523,11961,3263.92,2.1558256274768826,657,77,-906.76,-17.1,-4.9,2,GROCERY,1950.45,5,2,0.1887366818873668,55-64,A,35-49K,Homeowner,2 Adults Kids,4,2,0,2
2149,112,260,365281,3703.42,6.987584905660378,586,56,-1225.88,-30.0,-2.5,7,DRUG GM,1056.66,4,0,0.1911262798634812,,,,,,,,0,2
2150,8,36,56,69.32,1.8242105263157893,489,8,-15.31,0.0,0.0,1,DRUG GM,31.66,0,0,0.016359918200409,,,,,,,,0,1
2151,41,269,463,834.27,2.5749074074074074,655,20,-149.5,0.0,0.0,7,GROCERY,416.89,0,0,0.0625954198473282,,,,,,,,0,1
2152,25,51,12677,156.55,2.5250000000000004,595,20,-30.99,0.0,0.0,4,GROCERY,94.2,0,0,0.042016806722689,,,,,,,,0,1
2153,41,284,9640,933.43,2.7134593023255817,618,29,-215.91,-0.4,-0.4,7,GROCERY,575.3100000000001,0,0,0.0663430420711974,,,,,,,,0,1
2154,120,506,63902,2523.34,3.0255875299760198,606,56,-783.16,-12.63,-2.8,11,GROCERY,1198.08,3,0,0.198019801980198,45-54,A,35-49K,Homeowner,2 Adults No Kids,2,None/Unknown,0,2
2155,11,126,168,313.83,2.274130434782609,589,11,-78.31,0.0,0.0,1,GROCERY,174.96,0,0,0.0186757215619694,,,,,,,,0,1
2156,108,900,356102,5874.46,2.556335944299391,629,70,-839.36,-28.65,-8.55,2,GROCERY,3521.52,6,1,0.1717011128775834,45-54,A,50-74K,Homeowner,2 Adults No Kids,2,None/Unknown,1,2
2157,12,157,272,390.7,2.1467032967032966,559,11,-224.98,-7.0,0.0,1,GROCERY,279.08,0,0,0.0214669051878354,,,,,,,,0,1
2158,131,631,402835,3194.17,2.875040504050405,615,67,-593.38,-77.34,-18.05,12,GROCERY,1267.64,1,6,0.2130081300813008,25-34,B,50-74K,Probable Renter,Single Female,1,None/Unknown,1,2
2159,121,306,45231,2018.95,3.657518115942029,597,51,-394.79,0.0,0.0,7,GROCERY,633.77,1,0,0.202680067001675,,,,,,,,0,1
2160,57,91,227,748.07,4.987133333333333,637,41,-260.92,-7.25,-1.25,1,MEAT,289.93,0,0,0.0894819466248037,,,,,,,,0,1
2161,40,303,166521,2064.11,4.169919191919192,665,31,-203.76,0.0,0.0,4,GROCERY,1055.94,1,0,0.0601503759398496,,,,,,,,0,1
2162,180,1011,708787,13923.45,5.975729613733906,612,81,-1187.7,-344.8,-12.5,7,GROCERY,5612.15,7,1,0.2941176470588235,45-54,U,75-99K,Homeowner,Unknown,1,None/Unknown,1,2
2163,14,18,43,356.1,8.685365853658535,623,14,-23.1,0.0,0.0,1,SPIRITS,245.35,0,0,0.0224719101123595,,,,,,,,0,1
2164,40,484,1034,1596.48,2.418909090909091,288,33,-697.82,-15.09,-0.6,4,GROCERY,847.46,3,0,0.1388888888888889,,,,,,,,0,1
2165,11,43,47,182.1,4.234883720930233,623,9,-17.83,0.0,0.0,2,DRUG GM,78.94,0,0,0.0176565008025682,,,,,,,,0,1
2166,30,19,54,84.21,2.10525,399,15,-21.57,0.0,0.0,1,GROCERY,69.37,0,0,0.075187969924812,,,,,,,,0,1
2167,75,448,966,1714.61,2.253101182654402,573,40,-384.07,-5.0,0.0,2,GROCERY,1014.57,8,0,0.1308900523560209,,,,,,,,0,1
2168,197,953,3124,5666.66,2.0887062292664944,689,98,-1723.83,-68.11,-13.7,2,GROCERY,2387.15,7,5,0.285921625544267,35-44,U,50-74K,Unknown,Single Female,1,None/Unknown,1,2
2169,40,245,32925,857.96,3.2622053231939163,589,28,-162.77,0.0,0.0,4,GROCERY,334.32,0,0,0.0679117147707979,,,,,,,,0,1
2170,266,1137,194303,6198.89,2.6536344178082194,647,90,-1316.3,-19.6,0.0,9,GROCERY,2948.78,10,0,0.4111282843894899,,,,,,,,1,2
2171,107,771,30541,4031.08,2.631253263707572,604,66,-455.99,-56.12,-15.95,8,GROCERY,2403.67,7,1,0.1771523178807947,,,,,,,,1,2
2172,99,505,852,2408.11,3.562292899408284,589,53,-242.71,-3.89,0.0,3,GROCERY,1584.78,0,0,0.1680814940577249,25-34,A,100-124K,Homeowner,2 Adults No Kids,2,None/Unknown,0,1
2173,86,511,11142,2177.52,3.1788613138686133,660,40,-478.72,-6.0,0.0,1,GROCERY,1247.32,1,0,0.1303030303030303,25-34,U,35-49K,Unknown,2 Adults No Kids,2,None/Unknown,0,1
2174,39,354,454,644.33,1.6779427083333334,583,29,-161.23,-12.71,-3.4,3,GROCERY,382.5,0,0,0.0668953687821612,,,,,,,,0,1
2175,17,150,194,610.22,3.676024096385542,560,14,-101.81,-1.5,0.0,5,GROCERY,371.02,0,0,0.0303571428571428,,,,,,,,0,1
2176,195,634,214961,2601.56,2.7156158663883088,579,52,-487.72,-7.04,0.0,5,GROCERY,1437.39,3,0,0.3367875647668393,,,,,,,,0,2
2177,3,43,53,133.5,3.034090909090909,553,3,-32.26,0.0,0.0,1,GROCERY,74.62,0,0,0.0054249547920434,,,,,,,,0,1
2178,152,869,111403,3681.13,2.6256276747503566,531,63,-466.08,-8.75,-0.25,13,GROCERY,1854.41,12,0,0.2862523540489642,,,,,,,,1,2
2179,46,373,20821,1452.29,3.3774186046511625,649,38,-255.8,0.0,0.0,8,GROCERY,474.91,1,0,0.0708782742681047,45-54,A,35-49K,Homeowner,2 Adults Kids,3,1,0,1
2180,44,305,465,936.39,2.370607594936709,600,26,-186.64,0.0,0.0,5,GROCERY,357.14,0,0,0.0733333333333333,,,,,,,,0,1
2181,55,665,1039,3074.45,3.7086248492159215,630,36,-371.12,-16.98,0.0,5,GROCERY,1565.51,1,0,0.0873015873015873,55-64,A,100-124K,Homeowner,2 Adults Kids,3,1,0,1
2182,85,406,730,1530.52,2.643385146804836,673,62,-216.86,-2.5,0.0,3,GROCERY,997.64,4,0,0.1263001485884101,45-54,A,75-99K,Homeowner,2 Adults No Kids,2,None/Unknown,0,1
2183,173,653,418421,4093.12,3.8182089552238807,607,79,-941.95,-18.3,-0.5,9,GROCERY,1434.51,5,0,0.2850082372322899,65+,A,25-34K,Homeowner,2 Adults No Kids,2,None/Unknown,1,2
2184,260,929,295639,5094.8,3.8191904047976015,646,86,-656.22,0.0,0.0,8,GROCERY,2548.99,5,0,0.4024767801857585,25-34,U,50-74K,Unknown,Single Female,1,None/Unknown,1,2
2185,106,1141,224110,8550.73,3.867358661239258,703,68,-786.09,-34.65,-3.95,2,GROCERY,4135.35,12,3,0.1507823613086771,25-34,U,125-149K,Homeowner,2 Adults Kids,4,2,1,2
2186,113,812,1985,5469.53,3.488220663265306,670,58,-749.0,-1.95,-0.95,5,GROCERY,2985.65,5,0,0.1686567164179104,35-44,U,25-34K,Unknown,Single Female,1,None/Unknown,0,2
2187,46,382,1080,2667.13,4.322739059967585,626,34,-953.0,-6.5,0.0,3,GROCERY,982.7,1,0,0.0734824281150159,,,,,,,,0,1
2188,129,715,92010,3917.34,2.9903358778625955,593,76,-631.53,-1.8,-0.45,5,GROCERY,1648.37,5,0,0.2175379426644182,65+,B,35-49K,Homeowner,2 Adults No Kids,2,None/Unknown,0,2
2189,91,147,116307,1335.47,5.237137254901961,637,58,-106.12,-0.55,0.0,4,GROCERY,539.49,0,0,0.1428571428571428,,,,,,,,0,1
2190,225,1399,1002151,9520.85,3.359509527170078,635,87,-2200.28,-20.2,-1.0,1,GROCERY,3908.38,8,0,0.3543307086614173,35-44,A,50-74K,Homeowner,2 Adults Kids,4,2,1,2
2191,15,154,180,780.9200000000001,4.942531645569621,670,14,-48.74,0.0,0.0,4,DRUG GM,383.95,0,0,0.0223880597014925,,,,,,,,0,1
2192,29,81,134,492.03,5.528426966292135,704,23,-27.24,-0.75,-0.25,2,GROCERY,193.4,0,0,0.0411931818181818,,,,,,,,0,1
2193,117,1792,203617,9155.01,3.197698218651764,691,66,-1035.01,-4.55,-0.45,6,GROCERY,4701.34,10,0,0.1693198263386396,25-34,A,50-74K,Homeowner,2 Adults No Kids,2,None/Unknown,1,2
2194,404,1052,382751,7169.78,3.2007946428571428,689,98,-1119.19,-9.49,0.0,17,GROCERY,3809.31,12,0,0.5863570391872278,55-64,B,25-34K,Homeowner,Single Male,1,None/Unknown,1,2
2195,84,350,32625,1180.72,2.5612147505422995,600,49,-288.26,-37.1,-15.2,13,GROCERY,706.59,0,0,0.14,,,,,,,,0,2
2196,65,271,10377,1153.05,2.0888586956521737,607,56,-450.28,-3.5,0.0,2,GROCERY,704.28,0,0,0.1070840197693575,,,,,,,,0,1
2197,48,176,274,670.4300000000001,3.1624056603773587,632,32,-143.72,-0.3,-0.3,8,GROCERY,496.11,0,0,0.0759493670886076,,,,,,,,0,1
2198,403,1118,324271,7205.88,2.83696062992126,660,91,-1114.07,-46.39,-11.15,10,GROCERY,3697.11,4,0,0.6106060606060606,35-44,B,25-34K,Unknown,Single Female,1,None/Unknown,1,2
2199,155,801,415613,5639.17,2.4809370875494943,599,82,-1046.77,-29.8,-3.95,6,GROCERY,3102.72,8,13,0.2587646076794658,19-24,U,50-74K,Unknown,2 Adults Kids,3,1,1,2
2200,197,1572,498728,8673.11,2.447956534010725,699,94,-2089.91,-55.0,-12.45,7,GROCERY,4677.7,11,16,0.2818311874105865,45-54,U,Under 15K,Unknown,Single Male,1,None/Unknown,1,2
2201,2,11,12,27.51,2.2925,24,2,-7.93,0.0,0.0,1,GROCERY,15.56,0,0,0.0833333333333333,,,,,,,,0,1
2202,18,96,9224,319.90000000000003,3.231313131313132,599,14,-63.0,0.0,0.0,5,GROCERY,185.12,0,0,0.030050083472454,,,,,,,,0,1
2203,103,655,108189,5239.09,5.2286327345309385,669,57,-454.16,0.0,0.0,6,GROCERY,2694.42,5,0,0.1539611360239162,45-54,A,50-74K,Homeowner,2 Adults No Kids,2,None/Unknown,0,2
2204,190,800,62071,2646.05,1.9258005822416304,603,73,-687.06,-7.5,-1.0,14,GROCERY,1413.26,2,0,0.3150912106135987,,,,,,,,0,2
2205,107,484,32012,1978.76,2.3754621848739497,700,64,-504.49,-3.0,0.0,13,GROCERY,920.62,4,0,0.1528571428571428,,,,,,,,0,2
2206,41,150,259,502.25,2.369103773584906,661,37,-77.54,0.0,0.0,3,GROCERY,352.01,0,0,0.0620272314674735,,,,,,,,0,1
2207,372,1355,15428,4866.06,2.2300916590284143,676,79,-990.39,-32.25,-0.5,8,GROCERY,2450.52,7,0,0.5502958579881657,,,,,,,,1,2
2208,193,1555,63959,9456.83,2.819567680381634,678,81,-1575.78,-6.7,-1.3,7,GROCERY,5499.6,10,0,0.2846607669616519,35-44,U,50-74K,Unknown,1 Adult Kids,3,2,1,2
2209,232,1275,644475,6996.68,3.396446601941748,631,82,-771.27,-1.0,0.0,6,GROCERY,2642.15,6,0,0.3676703645007924,25-34,A,35-49K,Renter,2 Adults Kids,5+,3+,1,2
2210,34,427,775,1727.97,3.408224852071006,542,25,-275.06,0.0,0.0,6,GROCERY,879.39,3,0,0.062730627306273,,,,,,,,0,1
2211,78,483,150781,2292.52,3.2243600562587904,608,48,-333.26,-1.9,-0.9,14,GROCERY,1103.02,2,0,0.1282894736842105,,,,,,,,0,2
2212,46,49,196,251.33,1.795214285714286,565,26,-49.23,0.0,0.0,3,GROCERY,236.69,0,0,0.0814159292035398,,,,,,,,0,1
2213,55,831,9061,3505.21,2.6963153846153847,671,42,-531.3100000000001,-5.9,-0.7,6,GROCERY,1905.41,3,2,0.081967213114754,,,,,,,,0,2
2214,15,116,182,450.87,3.5501574803149607,600,13,-80.55,0.0,0.0,2,GROCERY,177.9,0,0,0.025,,,,,,,,0,1
2215,132,476,1047,2402.11,2.7610459770114946,652,76,-468.23,0.0,0.0,7,GROCERY,1084.77,5,0,0.2024539877300613,,,,,,,,0,2
2216,34,123,246,454.57,2.823416149068323,603,29,-75.67999999999999,0.0,0.0,1,GROCERY,301.57,0,0,0.0563847429519071,,,,,,,,0,1
2217,192,1091,187408,4430.01,2.773957420162805,627,83,-1095.02,-24.84,-4.65,5,GROCERY,1940.78,7,2,0.3062200956937799,35-44,B,15-24K,Unknown,Single Female,1,None/Unknown,1,2
2218,19,387,564,975.25,2.1155097613882865,705,17,-363.21,0.0,0.0,3,GROCERY,584.74,0,0,0.026950354609929,,,,,,,,0,1
2219,23,46,374454,1077.42,16.8346875,622,18,-20.33,0.0,0.0,3,KIOSK-GAS,905.7,0,0,0.0369774919614147,,,,,,,,0,2
2220,15,40,19972,215.58,4.686521739130435,605,12,-50.58,-13.0,0.0,2,KIOSK-GAS,51.0,0,0,0.024793388429752,,,,,,,,0,1
2221,113,615,1267,2301.4,1.9421097046413505,602,79,-636.59,-3.0,0.0,1,GROCERY,1719.0,4,0,0.1877076411960133,65+,B,35-49K,Homeowner,Single Male,1,None/Unknown,0,2
2222,40,655,46102,3076.27,2.952274472168906,677,37,-582.31,-52.39,-11.45,8,GROCERY,2112.2,2,1,0.0590841949778434,,,,,,,,0,1
2223,300,465,1050,2059.76,2.493656174334141,671,58,-371.51,-3.44,0.0,2,GROCERY,1116.16,3,0,0.4470938897168405,,,,,,,,0,2
2224,106,780,1679,3984.1,2.5408801020408163,700,81,-1010.49,-5.0,0.0,3,GROCERY,2578.1,8,0,0.1514285714285714,19-24,B,250K+,Homeowner,Single Male,1,None/Unknown,1,2
2225,98,697,53957,3352.07,3.0837810487580497,663,64,-374.12,-5.55,0.0,6,GROCERY,1917.89,5,0,0.1478129713423831,,,,,,,,0,2
2226,640,1412,559756,8917.54,3.372745839636914,599,78,-894.64,-62.25,-6.6,13,GROCERY,3574.7,10,0,1.0684474123539232,,,,,,,,1,2
2227,173,1151,7326,4893.9,2.154953764861294,554,63,-1179.1,-15.9,0.0,5,GROCERY,2881.64,0,0,0.3122743682310469,,,,,,,,0,2
2228,202,844,236991,5298.05,4.004572940287226,653,61,-657.02,-0.35,-0.35,4,GROCERY,2283.98,6,0,0.3093415007656968,,,,,,,,1,2
2229,56,596,1065,2415.49,2.757408675799087,614,38,-469.44,-1.0,0.0,10,GROCERY,1472.16,0,0,0.0912052117263843,,,,,,,,0,1
2230,38,329,502,1195.65,2.937714987714988,548,27,-115.28,0.0,0.0,10,GROCERY,601.23,1,0,0.0693430656934306,,,,,,,,0,1
2231,94,929,51277,4400.26,3.1932220609579103,694,59,-474.95,-123.88,-15.08,4,GROCERY,2082.6,3,4,0.1354466858789625,35-44,A,200-249K,Homeowner,2 Adults No Kids,2,None/Unknown,1,2
2232,37,257,33824,1131.65,3.358011869436202,658,27,-290.42,-22.34,0.0,5,GROCERY,585.92,0,0,0.0562310030395136,,,,,,,,0,1
2233,273,1529,563028,8440.77,3.1744151936818352,643,89,-868.47,-26.14,-1.4,7,GROCERY,3523.36,11,10,0.4245723172628304,25-34,B,150-174K,Homeowner,Single Male,1,None/Unknown,1,2
2234,192,903,365453,7971.57,4.143227650727651,651,81,-1268.56,-26.43,-1.7,6,GROCERY,3268.12,4,3,0.2949308755760368,65+,A,Under 15K,Homeowner,2 Adults No Kids,2,None/Unknown,1,2
2235,89,622,168386,3824.87,4.586175059952038,598,50,-439.04,-0.8,-0.8,8,GROCERY,1681.08,5,0,0.1488294314381271,45-54,U,175-199K,Homeowner,2 Adults Kids,3,1,0,1
2236,219,609,204164,2880.5,3.269580022701476,576,70,-383.91,-7.97,-0.25,7,GROCERY,1102.41,6,0,0.3802083333333333,,,,,,,,0,2
2237,158,799,225305,4941.52,2.7241014332965823,643,80,-1132.81,-41.48,-11.2,5,GROCERY,2824.96,6,8,0.2457231726283048,45-54,U,50-74K,Homeowner,Single Female,1,None/Unknown,1,2
2238,180,679,1393,2479.46,2.3704206500956024,598,62,-416.42,-7.08,0.0,11,GROCERY,1436.84,3,0,0.3010033444816054,,,,,,,,0,2
2239,43,408,19077,1787.48,3.226498194945848,605,23,-483.07,-11.05,-2.5,3,GROCERY,934.68,1,0,0.0710743801652892,,,,,,,,0,1
2240,216,868,9961,5413.2,3.141729541497388,684,81,-985.46,-41.53,-1.4,4,GROCERY,2755.72,10,9,0.3157894736842105,,,,,,,,1,2
2241,79,438,11403,1505.67,2.3307585139318885,657,52,-460.64,-7.85,-0.9,8,GROCERY,974.4,1,0,0.1202435312024353,,,,,,,,0,1
2242,118,466,5269,1239.07,2.143719723183391,639,49,-316.76,-1.0,0.0,11,GROCERY,658.66,0,0,0.1846635367762128,,,,,,,,0,2
2243,44,528,1577,4019.71,3.5229710780017527,614,38,-866.9,-2.0,0.0,6,GROCERY,1931.3,2,0,0.0716612377850162,45-54,A,50-74K,Homeowner,2 Adults No Kids,2,None/Unknown,0,1
2244,324,1018,31514,5477.2,2.311054852320675,671,90,-1387.88,-97.78,-1.9,23,GROCERY,3381.18,9,1,0.4828614008941878,,,,,,,,1,2
2245,178,844,208774,4614.02,2.70617008797654,629,69,-506.03,-4.55,-0.45,10,GROCERY,2083.9,5,0,0.2829888712241653,,,,,,,,1,2
2246,5,80,103,321.35,3.871686746987952,388,4,-35.81,0.0,0.0,3,GROCERY,201.45,0,0,0.0128865979381443,,,,,,,,0,1
2247,90,659,1466,3992.67,4.238503184713376,701,49,-729.23,-1.3,-0.3,3,GROCERY,2087.18,1,0,0.1283880171184022,,,,,,,,0,1
2248,26,276,397,937.23,3.003942307692308,656,20,-135.7,0.0,0.0,7,GROCERY,618.39,1,0,0.0396341463414634,,,,,,,,0,1
2249,3,64,81,181.51,2.83609375,224,3,-33.51,0.0,0.0,3,GROCERY,107.65,0,0,0.0133928571428571,,,,,,,,0,1
2250,68,406,111592,2333.16,3.545835866261398,609,50,-794.77,-17.64,-0.75,7,GROCERY,1216.76,1,0,0.1116584564860427,35-44,U,75-99K,Unknown,Unknown,1,None/Unknown,0,1
2251,26,533,961,2022.54,2.729473684210526,629,19,-445.82,-3.0,-0.5,2,GROCERY,1253.01,1,0,0.0413354531001589,,,,,,,,0,1
2252,346,1711,642887,9489.82,2.832782089552239,700,92,-2541.54,-49.49,-3.95,4,GROCERY,4324.74,1,0,0.4942857142857143,45-54,A,50-74K,Homeowner,2 Adults Kids,4,2,1,2
2253,29,189,36145,450.33,2.2075,625,20,-110.93,0.0,0.0,9,GROCERY,227.43,0,0,0.0464,,,,,,,,0,1
2254,80,338,60411,1270.35,3.199874055415617,511,51,-209.69,0.0,0.0,5,GROCERY,546.97,2,0,0.1565557729941291,19-24,U,35-49K,Unknown,Single Male,1,None/Unknown,0,1
2255,21,122,15472,570.03,4.318409090909091,581,17,-116.6,0.0,0.0,6,GROCERY,274.1,0,0,0.036144578313253,,,,,,,,0,1
2256,30,398,60157,1497.56,3.5487203791469195,600,23,-194.06,-4.8,-0.7,5,GROCERY,904.31,0,0,0.05,,,,,,,,0,1
2257,75,75,230,791.54,3.787272727272727,694,63,-36.53,0.0,0.0,5,GROCERY,564.71,0,0,0.1080691642651296,,,,,,,,0,1
2258,49,383,598,1574.94,3.143592814371257,684,36,-216.15,-6.1,-4.5,6,GROCERY,837.53,1,0,0.0716374269005847,,,,,,,,0,1
2259,16,147,17589,589.17,3.0059693877551017,615,9,-129.76,0.0,0.0,4,GROCERY,309.27,0,0,0.0260162601626016,,,,,,,,0,1
2260,133,767,747146,7456.64,4.000343347639485,653,76,-832.4,-7.2,-3.5,4,GROCERY,4000.42,4,4,0.2036753445635528,45-54,U,25-34K,Homeowner,Single Female,1,None/Unknown,1,2
2261,429,1382,992658,13379.78,3.547131495227996,603,84,-1691.49,-18.89,-2.4,7,GROCERY,5810.2,8,0,0.7114427860696517,,,,,,,,1,2
2262,151,361,27120,1491.0,2.3517350157728707,670,83,-193.06,-3.29,0.0,13,GROCERY,775.57,7,0,0.2253731343283582,,,,,,,,0,2
2263,460,1333,12588,5763.97,2.1113443223443222,702,94,-1047.32,-2.5,-0.5,7,GROCERY,3064.83,7,0,0.6552706552706553,,,,,,,,1,2
2264,315,1973,27358,16960.59,3.820813246226628,595,82,-2444.51,-10.3,-2.7,7,GROCERY,10894.06,9,1,0.5294117647058824,45-54,A,250K+,Homeowner,2 Adults No Kids,2,None/Unknown,1,2
2265,3,20,7170,77.44,3.872,17,2,-5.45,0.0,0.0,1,GROCERY,42.8,0,0,0.1764705882352941,,,,,,,,0,1
2266,148,1405,346272,8754.12,3.220794701986755,629,78,-1069.45,-2.25,-0.75,10,GROCERY,3719.91,7,0,0.2352941176470588,25-34,B,35-49K,Homeowner,Single Male,1,None/Unknown,1,2
2267,67,542,44446,2304.15,2.862298136645963,624,42,-398.94,-1.0,0.0,5,GROCERY,1195.75,0,0,0.1073717948717948,,,,,,,,0,1
2268,23,171,15491,668.96,3.3785858585858586,549,20,-105.09,0.0,0.0,3,GROCERY,341.05,0,0,0.0418943533697632,,,,,,,,0,1
2269,209,436,12484,3273.95,2.925781948168007,602,83,-1185.73,-11.85,-1.85,5,GROCERY,1477.71,4,0,0.3471760797342192,55-64,A,35-49K,Homeowner,2 Adults No Kids,2,None/Unknown,0,2
2270,312,1287,14399,4728.67,1.799341704718417,634,89,-1295.04,-8.25,-1.75,10,GROCERY,2893.67,10,1,0.4921135646687697,,,,,,,,1,2
2271,46,106,265,361.88,2.021675977653631,562,34,-174.14,-2.7,-1.7000000000000002,4,GROCERY,221.58,0,0,0.0818505338078291,,,,,,,,0,1
2272,70,252,742,2244.17,4.655954356846473,643,34,-267.32,-17.14,-2.43,3,GROCERY,1055.33,0,0,0.1088646967340591,65+,A,25-34K,Homeowner,2 Adults No Kids,2,None/Unknown,0,1
2273,52,332,710,1594.87,3.084854932301741,609,43,-210.7,-0.75,-0.25,9,GROCERY,920.08,1,0,0.0853858784893267,,,,,,,,0,1
2274,71,1050,146367,6974.46,4.219274047186933,676,54,-1314.86,-6.75,-0.25,7,GROCERY,2313.39,6,0,0.1050295857988165,,,,,,,,1,2
2275,134,748,1360,2789.51,2.3903256212510717,634,70,-626.2,-54.76,-14.35,6,GROCERY,1616.38,3,3,0.2113564668769716,,,,,,,,0,2
2276,31,353,548,1007.97,2.3225115207373275,578,25,-218.29,0.0,0.0,9,GROCERY,703.19,0,0,0.0536332179930795,,,,,,,,0,1
2277,126,853,2250,3888.44,2.428757026858213,643,59,-1013.38,-18.28,0.0,5,GROCERY,2354.55,7,0,0.1959564541213063,,,,,,,,0,2
2278,46,258,15751,1160.57,3.7927124183006535,569,35,-125.79,0.0,0.0,3,GROCERY,403.78,3,0,0.0808435852372583,,,,,,,,0,1
2279,59,323,463,972.47,2.337668269230769,612,43,-242.77,-7.5,0.0,4,GROCERY,599.08,2,0,0.0964052287581699,25-34,U,50-74K,Unknown,2 Adults No Kids,2,None/Unknown,0,1
2280,228,1445,231467,12332.91,3.468197412823397,657,90,-3041.62,-121.27,-12.35,5,GROCERY,4306.74,13,13,0.3470319634703196,35-44,U,15-24K,Homeowner,2 Adults Kids,3,1,1,2
2281,105,696,1911,5008.79,3.5956855707106965,625,57,-847.66,-40.64,-2.75,3,GROCERY,2663.66,2,0,0.168,,,,,,,,0,2
2282,79,302,602,1103.88,2.036678966789668,596,54,-100.1,-14.99,-3.25,4,GROCERY,468.21,2,1,0.1325503355704698,55-64,B,175-199K,Homeowner,Single Female,1,None/Unknown,0,1
2283,17,327,59090,1389.37,3.765230352303524,639,15,-173.83,-2.5,-0.5,4,GROCERY,671.9300000000001,0,0,0.0266040688575899,,,,,,,,0,1
2284,265,2375,185015,17152.63,3.702272825383121,603,80,-2141.1,-59.94,-1.35,15,GROCERY,8362.8,10,2,0.439469320066335,45-54,A,250K+,Homeowner,2 Adults No Kids,2,None/Unknown,1,2
2285,73,478,129949,2057.9,2.5820577164366374,616,49,-405.86,0.0,0.0,5,GROCERY,1092.51,0,0,0.1185064935064935,,,,,,,,0,1
2286,26,213,24443,989.26,3.8794509803921566,600,24,-112.79,0.0,0.0,4,GROCERY,380.15,1,0,0.0433333333333333,,,,,,,,0,1
2287,33,207,14544,833.51,2.894131944444444,598,28,-147.4,0.0,0.0,8,GROCERY,405.35,0,0,0.0551839464882943,,,,,,,,0,1
2288,157,483,12915,2093.06,3.1857838660578386,632,57,-416.21,-7.8,-0.95,7,GROCERY,1000.65,4,0,0.2484177215189873,,,,,,,,0,1
2289,88,601,1084,2428.06,2.8498356807511738,598,60,-645.41,-18.83,-0.75,8,GROCERY,962.93,3,0,0.1471571906354515,,,,,,,,0,1
2290,70,206,10888,916.97,3.1619655172413794,613,36,-138.82,-1.55,-0.45,1,GROCERY,428.82,0,0,0.1141924959216965,,,,,,,,0,1
2291,55,102,190,439.03,2.5087428571428574,594,31,-43.58,0.0,0.0,8,GROCERY,211.51,0,0,0.0925925925925925,,,,,,,,0,1
2292,116,301,150450,1336.14,2.26464406779661,650,37,-219.27,-1.4500000000000002,-1.35,4,GROCERY,731.14,0,0,0.1784615384615384,45-54,A,35-49K,Renter,2 Adults Kids,5+,3+,0,1
2293,45,446,58314,2462.95,4.429766187050359,641,28,-268.75,0.0,0.0,4,DRUG GM,864.84,1,0,0.0702028081123244,,,,,,,,0,1
2294,186,1555,297380,8381.66,3.0512049508554786,635,72,-1155.32,-7.7,-1.4,7,GROCERY,4429.55,6,0,0.2929133858267717,45-54,B,25-34K,Renter,2 Adults Kids,4,2,1,2
2295,98,1436,153833,8003.99,2.9721463052357966,644,64,-1600.7,-9.14,-0.35,3,GROCERY,4498.25,9,0,0.1521739130434782,35-44,B,35-49K,Renter,Single Male,1,None/Unknown,1,2
2296,230,2050,22997,13404.83,2.628913512453422,601,81,-2233.59,-7.29,0.0,7,GROCERY,7120.5,8,0,0.3826955074875208,35-44,U,125-149K,Homeowner,2 Adults No Kids,2,None/Unknown,1,2
2297,45,157,294,698.36,2.5961338289962828,684,34,-115.48,0.0,0.0,4,GROCERY,353.95,0,0,0.0657894736842105,,,,,,,,0,1
2298,83,535,1218,2709.53,3.0206577480490524,639,58,-544.2,-11.05,-6.35,4,GROCERY,1730.21,2,0,0.1298904538341158,65+,A,50-74K,Probable Renter,Single Female,2,None/Unknown,0,1
2299,62,576,1204,2057.89,1.8623438914027148,590,47,-350.58,-4.75,-1.75,3,GROCERY,1258.84,1,0,0.1050847457627118,,,,,,,,0,1
2300,118,996,14543,4615.35,2.658611751152074,617,72,-982.82,-3.95,-1.7,8,GROCERY,2577.77,7,0,0.1912479740680713,45-54,U,50-74K,Homeowner,2 Adults No Kids,2,None/Unknown,1,2
2301,137,733,109181,4661.63,3.4377802359882006,680,62,-909.59,-11.4,-1.2,15,GROCERY,2825.87,5,0,0.2014705882352941,,,,,,,,1,2
2302,74,569,17353,1960.24,2.1376663031624865,593,54,-509.3,-6.5,-0.5,9,GROCERY,1020.67,2,0,0.1247892074198988,35-44,A,35-49K,Homeowner,1 Adult Kids,3,1,0,1
2303,66,372,11496,2158.85,3.983118081180812,632,47,-290.15,-8.05,-1.55,6,GROCERY,1070.48,3,0,0.1044303797468354,,,,,,,,0,1
2304,88,75,4761,240.09,1.9054761904761903,492,29,-43.32,-1.29,0.0,2,DRUG GM,91.9,0,0,0.1788617886178861,,,,,,,,0,1
2305,123,1029,46576,6320.64,2.7232399827660494,702,83,-1665.72,-80.95,-15.0,7,GROCERY,3080.37,9,14,0.1752136752136752,45-54,B,50-74K,Homeowner,Single Female,1,None/Unknown,1,2
2306,8,32,45,62.06,1.633157894736842,318,8,-11.56,0.0,0.0,2,GROCERY,45.77,0,0,0.0251572327044025,,,,,,,,0,1
2307,179,873,317994,6009.24,2.994140508221226,698,92,-1180.04,-16.63,-2.4,6,GROCERY,3326.15,9,0,0.2564469914040114,45-54,A,75-99K,Homeowner,2 Adults Kids,3,1,1,2
2308,31,137,196,582.45,3.573312883435583,666,24,-68.52,0.0,0.0,2,GROCERY,316.08,0,0,0.0465465465465465,,,,,,,,0,1
2309,12,80,110,275.01,3.2739285714285717,597,10,-88.57000000000001,-5.0,0.0,3,GROCERY,146.78,0,0,0.0201005025125628,,,,,,,,0,1
2310,74,420,762,1389.32,2.16404984423676,671,48,-306.43,-1.13,-0.25,10,GROCERY,781.48,1,0,0.1102831594634873,,,,,,,,0,2
2311,58,266,142500,1830.83,3.5481201550387595,618,42,-258.5,0.0,0.0,1,GROCERY,1158.42,0,0,0.0938511326860841,,,,,,,,0,1
2312,321,1585,6181,14682.81,3.727547600913937,615,87,-2542.57,-47.65,0.0,4,GROCERY,6613.76,8,0,0.5219512195121951,45-54,A,250K+,Homeowner,2 Adults No Kids,2,None/Unknown,1,2
2313,11,28,23731,105.69,3.523,604,10,-13.03,0.0,0.0,5,KIOSK-GAS,49.75,0,0,0.0182119205298013,,,,,,,,0,1
2314,86,723,15979,5078.05,2.7553174172544765,594,64,-806.68,-18.25,-4.35,5,GROCERY,2792.75,4,3,0.1447811447811448,45-54,A,125-149K,Homeowner,2 Adults No Kids,2,None/Unknown,0,2
2315,9,50,72,266.1,4.927777777777778,592,4,-38.2,0.0,0.0,1,GROCERY,83.83,0,0,0.0152027027027027,,,,,,,,0,1
2316,27,180,7571,751.89,3.685735294117647,539,21,-99.65,0.0,0.0,9,GROCERY,342.51,1,0,0.0500927643784786,,,,,,,,0,1
2317,150,1878,283454,13967.37,2.819981829194428,697,81,-3079.04,-66.72,-19.4,5,GROCERY,8114.87,17,10,0.2152080344332855,35-44,A,50-74K,Homeowner,2 Adults Kids,5+,3+,1,2
2318,366,1923,196685,10685.72,3.2588350106739856,579,77,-1843.35,-15.99,0.0,15,GROCERY,5201.9,13,0,0.6321243523316062,19-24,U,Under 15K,Unknown,Single Female,1,None/Unknown,1,2
2319,117,344,612,1148.68,2.261181102362205,699,41,-207.63,0.0,0.0,2,GROCERY,730.88,2,0,0.167381974248927,,,,,,,,0,1
2320,25,117,162,369.59,2.531438356164384,626,23,-37.06,0.0,0.0,7,GROCERY,232.45,0,0,0.0399361022364217,,,,,,,,0,1
2321,18,106,137,336.09000000000003,2.97424778761062,661,11,-38.81,-1.15,-1.15,1,GROCERY,210.92,0,0,0.0272314674735249,,,,,,,,0,1
2322,323,2808,992718,23646.92,4.154413211524948,645,91,-2358.69,-53.9,-3.9,7,GROCERY,7728.23,10,3,0.5007751937984496,45-54,U,175-199K,Homeowner,Single Male,1,None/Unknown,1,2
2323,29,131,159775,781.34,4.764268292682927,577,24,-57.18,0.0,0.0,6,KIOSK-GAS,386.81,0,0,0.0502599653379549,,,,,,,,0,1
2324,146,577,14347,2671.77,2.8575080213903745,700,80,-498.89,-79.07,-16.65,11,GROCERY,1507.12,9,5,0.2085714285714285,35-44,A,50-74K,Homeowner,2 Adults No Kids,2,None/Unknown,1,2
2325,3,19,30,106.36,4.834545454545455,26,2,-11.37,0.0,0.0,2,GROCERY,76.32,0,0,0.1153846153846153,,,,,,,,0,1
2326,47,390,9179,1322.87,2.463445065176909,598,33,-321.46,-10.0,-5.3,9,GROCERY,857.44,0,0,0.0785953177257525,,,,,,,,0,1
2327,43,478,45096,1267.76,2.092013201320132,683,28,-365.44,-17.38,0.0,1,GROCERY,842.1,1,0,0.0629575402635432,,,,,,,,0,1
2328,166,1549,150355,14193.61,4.642986588158325,703,81,-1260.1,-54.52,-1.8,7,GROCERY,6626.85,11,0,0.2361308677098151,45-54,U,250K+,Homeowner,2 Adults No Kids,2,None/Unknown,1,2
2329,100,689,48499,2722.37,2.590266412940057,518,56,-516.67,-9.75,-0.75,11,GROCERY,1346.47,5,0,0.193050193050193,,,,,,,,0,1
2330,73,1011,548384,5683.36,3.974377622377622,647,47,-616.5,-143.51,-28.65,3,GROCERY,2410.15,6,3,0.1128284389489953,45-54,U,50-74K,Homeowner,Unknown,1,None/Unknown,1,2
2331,103,1154,442338,5903.55,2.647331838565022,680,67,-1589.78,-75.89,-25.55,7,GROCERY,3093.33,8,3,0.1514705882352941,35-44,A,35-49K,Homeowner,2 Adults Kids,5+,3+,1,2
2332,16,56,20972,353.8,5.443076923076923,619,13,-27.76,0.0,0.0,4,GROCERY,209.55,0,0,0.0258481421647819,,,,,,,,0,1
2333,24,154,207,270.6,1.5375,656,18,-156.9,-25.54,-11.8,3,GROCERY,219.12,0,0,0.0365853658536585,,,,,,,,0,1
2334,361,1827,4617,11955.38,2.931677292790584,699,100,-1818.26,-20.25,-0.5,2,GROCERY,6982.64,12,2,0.5164520743919886,35-44,U,50-74K,Homeowner,Unknown,1,None/Unknown,1,2
2335,53,494,883,1955.25,3.0361024844720497,648,32,-444.16,-18.25,0.0,2,GROCERY,882.47,0,0,0.0817901234567901,,,,,,,,0,1
2336,76,633,1467,2384.25,2.2556764427625358,696,55,-578.4,-6.05,-0.45,5,GROCERY,1576.94,2,0,0.1091954022988505,,,,,,,,0,1
2337,1210,1590,7340,11703.97,2.121437375385173,595,83,-1816.7,-17.15,-1.6,4,GROCERY,5855.17,9,0,2.033613445378151,65+,U,Under 15K,Homeowner,1 Adult Kids,3,2,1,2
2338,69,586,68499,2111.55,2.700191815856778,593,44,-329.36,-16.740000000000002,-2.25,5,GROCERY,1043.78,1,0,0.1163575042158516,,,,,,,,0,1
2339,10,103,165,262.42,2.4525233644859816,610,8,-54.8,0.0,0.0,5,GROCERY,160.81,0,0,0.0163934426229508,,,,,,,,0,1
2340,149,657,212853,2996.82,2.668584149599288,683,73,-445.79,-1.75,-0.75,2,GROCERY,1357.79,0,0,0.2181551976573938,,,,,,,,0,2
2341,306,1222,45846,5698.38,2.0706322674418605,652,89,-1582.42,-19.52,-0.45,13,GROCERY,3319.79,12,2,0.4693251533742331,45-54,U,50-74K,Homeowner,Unknown,1,None/Unknown,1,2
2342,196,524,1006929,5934.36,5.312766338406446,614,81,-1094.48,-35.08,-14.35,6,KIOSK-GAS,2342.51,2,2,0.3192182410423452,55-64,U,100-124K,Homeowner,Unknown,1,None/Unknown,1,2
2343,240,1000,340084,4627.4800000000005,2.852946979038225,592,80,-824.53,-24.43,-3.65,19,GROCERY,2232.12,5,0,0.4054054054054054,19-24,U,50-74K,Unknown,Single Male,1,None/Unknown,1,2
2344,57,642,41054,2690.84,3.061251422070535,609,41,-618.33,-29.44,-0.8,5,GROCERY,1401.11,3,0,0.0935960591133004,,,,,,,,0,1
2345,109,1046,30173,4278.51,2.774649805447471,676,55,-825.49,-8.8,-0.3,6,GROCERY,2693.37,5,0,0.1612426035502958,,,,,,,,0,2
2346,30,226,511,1220.38,2.8380930232558144,679,29,-172.97,-1.2,0.0,2,GROCERY,946.99,1,0,0.0441826215022091,,,,,,,,0,1
2347,93,500,185783,3232.55,4.086662452591656,626,54,-655.49,-26.5,0.0,4,GROCERY,1871.18,1,1,0.1485623003194888,45-54,U,35-49K,Unknown,2 Adults No Kids,2,None/Unknown,0,2
2348,56,75,156,278.87,2.3047107438016528,561,12,-81.72,0.0,0.0,1,GROCERY,110.47,0,0,0.0998217468805704,,,,,,,,0,1
2349,72,491,102680,2100.28,3.061632653061225,620,49,-360.27,-2.05,-1.95,9,GROCERY,991.36,0,0,0.1161290322580645,,,,,,,,0,1
2350,46,490,38996,1915.65,2.7722865412445734,607,31,-467.37,-4.9,-1.8,1,GROCERY,1012.12,3,0,0.0757825370675453,,,,,,,,0,1
2351,322,1778,1077032,16616.78,3.369176804541768,608,88,-3447.25,-49.44,-7.45,11,GROCERY,7912.16,10,12,0.5296052631578947,45-54,A,75-99K,Homeowner,2 Adults No Kids,2,None/Unknown,1,2
2352,43,351,499,1255.85,3.0932266009852216,675,32,-176.69,0.0,0.0,4,GROCERY,665.23,0,0,0.0637037037037037,,,,,,,,0,1
2353,14,110,189,412.75,2.9273049645390072,659,13,-82.52,-7.35,-1.85,1,GROCERY,236.64,0,0,0.0212443095599393,,,,,,,,0,1
2354,80,625,343476,4821.89,3.644663643235072,609,53,-640.43,0.0,0.0,4,GROCERY,1948.87,5,0,0.1313628899835796,,,,,,,,0,2
2355,16,28,43,111.34,3.181142857142857,611,16,-13.14,0.0,0.0,3,GROCERY,58.71,0,0,0.0261865793780687,,,,,,,,0,1
2356,98,659,1250,2159.78,1.9670127504553736,604,52,-667.65,-6.87,-1.6,2,GROCERY,1254.05,2,0,0.162251655629139,,,,,,,,0,1
2357,29,78,7293,234.37,2.893456790123457,651,23,-35.97,0.0,0.0,6,GROCERY,144.0,0,0,0.0445468509984639,,,,,,,,0,1
2358,79,280,733,2423.25,4.03875,651,54,-579.89,-1.0,0.0,2,MEAT,946.39,2,0,0.1213517665130568,,,,,,,,0,1
2359,174,454,171616,2806.27,3.286030444964871,581,66,-528.36,-8.19,-3.35,5,GROCERY,1367.13,4,0,0.2994836488812392,45-54,A,25-34K,Homeowner,2 Adults No Kids,2,None/Unknown,0,2
2360,343,1351,972720,9394.58,3.356405859235441,656,91,-1377.56,-12.0,0.0,1,GROCERY,3620.2,10,0,0.5228658536585366,25-34,B,50-74K,Homeowner,Unknown,1,None/Unknown,1,2
2361,90,508,1648,4528.71,3.3080423666910157,581,61,-552.15,-1.99,0.0,3,GROCERY,3099.32,7,0,0.1549053356282272,25-34,U,35-49K,Unknown,2 Adults No Kids,2,None/Unknown,0,2
2362,41,167,228,520.29,2.7822994652406416,659,27,-105.47,-4.5,-0.5,4,GROCERY,231.59,0,0,0.0622154779969651,,,,,,,,0,1
2363,43,226,322,843.76,3.136654275092937,604,38,-115.09,0.0,0.0,7,GROCERY,554.6,0,0,0.0711920529801324,,,,,,,,0,1
2364,117,1227,3209,7414.1,2.627250177179305,618,76,-1168.8,-7.840000000000001,-2.8,3,GROCERY,3285.99,3,2,0.1893203883495145,45-54,A,25-34K,Renter,2 Adults No Kids,2,None/Unknown,1,2
2365,7,106,132,313.65,2.61375,116,7,-35.06,-1.75,-0.25,5,GROCERY,171.26,0,0,0.0603448275862069,,,,,,,,0,1
2366,168,1095,456603,5500.03,2.7187493821057838,601,73,-941.91,-50.12,-5.8,5,GROCERY,2923.87,9,9,0.2795341098169717,,,,,,,,1,2
2367,142,993,17039,4495.53,2.732844984802432,670,62,-711.85,-3.1,-1.0,3,GROCERY,2429.7,7,0,0.2119402985074626,45-54,U,Under 15K,Unknown,2 Adults No Kids,2,None/Unknown,0,2
2368,27,295,635,1377.69,3.02125,594,23,-229.97,0.0,0.0,2,GROCERY,704.66,0,0,0.0454545454545454,,,,,,,,0,1
2369,76,461,242305,2709.79,3.8822206303724927,600,55,-279.99,-2.0,0.0,8,GROCERY,1172.84,3,0,0.1266666666666666,,,,,,,,0,1
2370,172,972,327308,5307.52,2.694172588832488,615,78,-1937.25,-161.34,-64.94,9,GROCERY,2426.09,5,8,0.2796747967479674,25-34,A,Under 15K,Homeowner,2 Adults No Kids,2,None/Unknown,1,2
2371,98,375,869,2138.71,3.341734375,703,66,-214.79,0.0,0.0,6,GROCERY,965.59,6,0,0.139402560455192,,,,,,,,0,2
2372,71,866,23808,3208.19,2.5977246963562752,593,49,-678.5,-28.58,-1.0,7,GROCERY,1716.4,3,0,0.1197301854974704,,,,,,,,0,1
2373,124,714,80205,2585.6,2.396292863762743,581,52,-708.82,-11.89,-3.0500000000000003,6,GROCERY,1406.03,2,0,0.2134251290877797,,,,,,,,0,1
2374,82,1096,33372,6249.35,3.822232415902141,671,62,-1258.67,-65.2,-24.85,9,GROCERY,3197.99,6,7,0.1222056631892697,45-54,U,150-174K,Homeowner,2 Adults No Kids,2,None/Unknown,1,2
2375,114,493,1135,2841.4,3.813959731543624,704,56,-467.79,-23.85,-8.75,3,GROCERY,1321.66,2,9,0.1619318181818181,,,,,,,,0,2
2376,183,869,193504,3925.49,3.22025430680886,636,76,-693.63,-13.73,-1.85,2,GROCERY,1724.03,3,0,0.2877358490566037,45-54,U,35-49K,Unknown,Single Female,1,None/Unknown,0,2
2377,82,345,68033,1107.54,1.7863548387096773,683,62,-227.11,0.0,0.0,3,GROCERY,624.25,2,0,0.1200585651537335,,,,,,,,0,1
2378,154,1238,36890,8311.08,2.954525417703519,663,81,-1764.0,-30.65,-1.2,4,GROCERY,4680.0,9,3,0.2322775263951734,25-34,A,50-74K,Unknown,2 Adults Kids,5+,3+,1,2
2379,56,311,47028,1323.34,3.014441913439635,617,40,-282.3,0.0,0.0,5,GROCERY,660.97,2,0,0.0907617504051863,,,,,,,,0,1
2380,177,861,617132,5018.78,2.82588963963964,629,75,-1465.36,-100.59,-34.72,7,GROCERY,2390.15,6,18,0.2813990461049284,45-54,U,50-74K,Homeowner,Unknown,1,None/Unknown,1,2
2381,92,542,61769,2185.28,1.7708914100486226,604,63,-669.12,-28.34,-4.05,13,GROCERY,1124.06,4,0,0.152317880794702,,,,,,,,0,2
2382,36,206,14472,822.64,3.2774501992031877,567,30,-139.33,0.0,0.0,3,GROCERY,393.14,0,0,0.0634920634920634,,,,,,,,0,1
2383,18,122,187,555.64,3.997410071942446,607,13,-298.58,-5.5,0.0,3,GROCERY,274.78000000000003,0,0,0.029654036243822,,,,,,,,0,1
2384,19,208,393,801.41,2.8218661971830983,674,17,-140.63,0.0,0.0,1,GROCERY,536.92,1,0,0.0281899109792284,,,,,,,,0,1
2385,306,959,344185,6158.06,3.2106673618352453,618,56,-755.11,-4.25,-0.25,5,GROCERY,2320.31,3,0,0.4951456310679611,,,,,,,,1,2
2386,51,258,25267,1056.96,3.774857142857143,589,42,-221.45,-4.0,0.0,4,GROCERY,634.52,1,0,0.0865874363327674,,,,,,,,0,1
2387,33,230,447,865.7,3.0917857142857144,657,18,-233.38,-26.9,-9.5,2,GROCERY,568.05,0,0,0.0502283105022831,,,,,,,,0,1
2388,63,471,740,1703.02,2.9161301369863013,595,36,-261.94,-5.5,0.0,8,DRUG GM,719.93,1,0,0.1058823529411764,,,,,,,,0,1
2389,62,443,4499,1485.44,2.447182866556837,658,39,-411.84,-6.0,0.0,8,GROCERY,874.93,0,0,0.094224924012158,,,,,,,,0,1
2390,47,283,15467,1046.59,3.124149253731343,599,37,-121.75,-9.04,-0.25,13,GROCERY,383.37,2,0,0.0784641068447412,25-34,A,50-74K,Unknown,Single Female,2,None/Unknown,0,2
2391,54,134,44890,633.92,2.495748031496063,581,42,-234.24,-11.0,0.0,2,GROCERY,321.85,2,0,0.0929432013769363,,,,,,,,0,1
2392,39,321,22718,1428.9,2.551607142857143,698,24,-293.67,0.0,0.0,7,GROCERY,704.36,0,0,0.0558739255014326,,,,,,,,0,1
2393,61,633,1627,4048.29,3.741487985212569,626,49,-574.53,-10.5,-1.3,3,GROCERY,1856.49,3,0,0.097444089456869,35-44,U,75-99K,Homeowner,Single Male,1,None/Unknown,0,1
2394,84,178,376506,1538.01,6.031411764705882,614,50,-63.99,0.0,0.0,9,KIOSK-GAS,866.66,1,0,0.1368078175895765,,,,,,,,0,1
2395,227,982,2888,5262.3,2.6038099950519547,628,83,-957.46,-18.99,-0.5,5,GROCERY,2501.36,10,0,0.3614649681528662,,,,,,,,1,2
2396,17,179,268,550.48,2.608909952606635,598,14,-111.88,0.0,0.0,4,GROCERY,326.46,0,0,0.0284280936454849,,,,,,,,0,1
2397,35,217,397,1095.1,3.498722044728434,700,22,-106.76,-0.55,-0.45,6,GROCERY,578.46,0,0,0.05,65+,B,125-149K,Unknown,2 Adults No Kids,2,None/Unknown,0,1
2398,76,398,881,2035.1,2.9927941176470587,546,48,-393.11,-14.6,-6.05,5,GROCERY,1332.79,1,1,0.1391941391941392,,,,,,,,0,1
2399,10,59,76,188.49,2.855909090909091,666,10,-26.14,0.0,0.0,1,GROCERY,68.32,0,0,0.015015015015015,,,,,,,,0,1
2400,391,1814,922234,14681.32,3.826249674224655,608,84,-3911.44,-140.49,-27.85,5,GROCERY,6928.14,6,23,0.6430921052631579,35-44,A,25-34K,Homeowner,2 Adults Kids,3,1,1,2
2401,67,144,16019,727.45,2.776526717557252,665,47,-104.15,-2.7,-0.5,5,GROCERY,322.3,0,0,0.1007518796992481,,,,,,,,0,1
2402,36,289,479,1088.9,2.850523560209424,659,25,-185.61,-2.5,0.0,2,GROCERY,627.61,0,0,0.054628224582701,,,,,,,,0,1
2403,10,48,57,118.69,2.197962962962963,490,9,-16.95,0.0,0.0,2,GROCERY,67.78,0,0,0.0204081632653061,,,,,,,,0,1
2404,18,140,30165,559.76,3.413170731707317,601,13,-150.35,0.0,0.0,5,GROCERY,378.07,0,0,0.0299500831946755,,,,,,,,0,1
2405,151,605,234938,3425.7,3.204583723105706,664,71,-511.21,-3.8,-0.45,3,GROCERY,1733.85,3,0,0.2274096385542168,25-34,U,15-24K,Unknown,Single Female,1,None/Unknown,0,2
2406,138,819,155777,4860.81,3.860849880857824,679,82,-603.11,-10.85,-0.75,10,GROCERY,2595.91,6,2,0.203240058910162,25-34,A,125-149K,Homeowner,2 Adults Kids,3,1,1,2
2407,179,887,490439,6665.22,3.289842053307009,623,80,-2739.4,-54.2,-2.95,4,GROCERY,3984.1,6,9,0.2873194221508828,45-54,A,100-124K,Homeowner,2 Adults No Kids,2,None/Unknown,1,2
2408,26,345,763,2108.17,4.5046367521367525,581,20,-384.86,-1.3,-0.45,6,GROCERY,1202.33,0,0,0.0447504302925989,,,,,,,,0,1
2409,8,319,499,906.55,2.398280423280424,670,7,-293.52,-2.3,0.0,1,GROCERY,577.25,0,0,0.0119402985074626,,,,,,,,0,1
2410,63,607,26627,2636.57,2.962438202247191,659,55,-460.54,-7.85,-0.35,7,GROCERY,1242.62,4,0,0.0955993930197268,,,,,,,,0,2
2411,76,458,728,2019.25,2.9651248164464024,662,42,-187.75,0.0,0.0,2,GROCERY,548.91,2,0,0.1148036253776435,65+,A,Under 15K,Homeowner,2 Adults No Kids,2,None/Unknown,0,1
2412,279,1676,6443,12763.78,3.0564607279693488,608,81,-3390.01,-27.29,-1.8,6,GROCERY,7587.25,9,0,0.4588815789473684,,,,,,,,1,2
2413,17,96,142,301.41,2.816915887850468,607,15,-33.77,0.0,0.0,5,GROCERY,92.87,0,0,0.0280065897858319,,,,,,,,0,1
2414,6,85,110,178.68,2.0304545454545457,584,6,-36.5,0.0,0.0,1,GROCERY,77.65,0,0,0.0102739726027397,,,,,,,,0,1
2415,126,308,770,1676.34,2.635754716981132,623,52,-206.13,0.0,0.0,3,GROCERY,858.93,1,0,0.2022471910112359,,,,,,,,0,1
2416,110,718,108121,4422.9800000000005,3.7642382978723408,665,70,-594.86,-5.5,0.0,13,GROCERY,2667.7200000000003,4,0,0.1654135338345864,,,,,,,,0,2
2417,9,59,84,196.11,3.017076923076923,693,9,-33.4,0.0,0.0,2,GROCERY,83.82000000000001,0,0,0.0129870129870129,,,,,,,,0,1
2418,113,329,903,1572.61,2.0912367021276594,620,60,-253.19,0.0,0.0,1,GROCERY,1072.35,0,0,0.182258064516129,,,,,,,,0,1
2419,65,275,25000,1199.37,3.013492462311558,610,47,-176.89,0.0,0.0,8,GROCERY,725.38,2,0,0.1065573770491803,,,,,,,,0,1
2420,102,692,58729,4583.46,2.923125,630,61,-805.27,-3.99,0.0,2,GROCERY,1943.17,5,1,0.1619047619047619,45-54,U,15-24K,Unknown,2 Adults Kids,3,1,0,2
2421,81,1643,3866,8749.76,2.721542768273717,661,67,-1732.56,-92.87,-9.8,3,GROCERY,4722.21,9,7,0.1225416036308623,45-54,A,150-174K,Homeowner,2 Adults Kids,5+,3+,1,2
2422,5,93,13136,368.07,3.439906542056075,415,5,-45.75,-0.3,0.0,2,GROCERY,211.98,0,0,0.0120481927710843,,,,,,,,0,1
2423,59,610,46601,2838.62,2.3596176226101413,636,36,-647.29,-27.77,-3.3,3,GROCERY,1735.58,2,0,0.0927672955974842,,,,,,,,0,1
2424,113,895,1759,4122.83,2.7088239159001315,657,70,-496.33,0.0,0.0,5,GROCERY,2096.62,6,0,0.1719939117199391,,,,,,,,0,2
2425,119,689,422956,4361.02,4.427431472081219,607,58,-587.07,-36.59,-2.0,8,GROCERY,2144.2,3,0,0.1960461285008237,,,,,,,,0,2
2426,115,282,191498,2437.06,3.413249299719888,595,76,-400.16,-4.17,0.0,3,GROCERY,1620.67,3,0,0.1932773109243697,19-24,U,Under 15K,Probable Renter,Single Female,1,None/Unknown,0,1
2427,346,1303,660076,8725.94,3.0027322780454235,705,97,-2089.55,-62.98,-16.85,7,GROCERY,4316.02,12,8,0.4907801418439716,35-44,A,50-74K,Homeowner,2 Adults Kids,3,1,1,2
2428,19,22,98640,323.27,8.979722222222222,635,16,-24.84,0.0,0.0,4,KIOSK-GAS,221.5,0,0,0.0299212598425196,,,,,,,,0,1
2429,66,393,1014,1807.16,3.828728813559322,687,44,-698.75,-7.5,-1.0,3,GROCERY,942.5,1,0,0.0960698689956331,,,,,,,,0,1
2430,60,479,51075,1885.95,2.6049033149171272,594,48,-379.99,-5.55,-0.95,6,GROCERY,1127.06,4,2,0.101010101010101,,,,,,,,0,1
2431,43,287,499,978.85,2.2923887587822014,627,33,-171.02,0.0,0.0,6,GROCERY,335.87,0,0,0.0685805422647528,,,,,,,,0,1
2432,238,1183,120773,4948.11,2.222870619946092,594,68,-1278.46,-18.49,-2.4,11,GROCERY,3078.7,11,0,0.4006734006734007,19-24,U,35-49K,Unknown,Single Female,1,None/Unknown,1,2
2433,30,139,314,609.75,3.7872670807453415,500,25,-141.94,0.0,0.0,5,DRUG GM,201.6,0,0,0.06,,,,,,,,0,1
2434,23,284,433,771.51,2.2493002915451896,589,18,-196.38,0.0,0.0,5,GROCERY,328.5,0,0,0.0390492359932088,,,,,,,,0,1
2435,46,665,55236,3303.85,3.122731568998109,684,36,-1159.71,-3.6,-0.9,4,GROCERY,2293.55,0,0,0.067251461988304,45-54,U,50-74K,Homeowner,1 Adult Kids,5+,3+,0,1
2436,15,260,20406,972.68,3.437031802120141,482,12,-162.92,-7.5,-0.3,4,GROCERY,500.87,0,0,0.0311203319502074,,,,,,,,0,1
2437,74,918,1816,4841.9400000000005,3.451133285816109,645,53,-605.12,-8.29,-1.1,5,GROCERY,3168.54,4,0,0.1147286821705426,35-44,A,125-149K,Homeowner,2 Adults Kids,5+,3+,0,2
2438,184,568,218470,3061.58,3.7336341463414633,603,72,-333.17,-0.39,0.0,16,GROCERY,1456.57,3,0,0.3051409618573797,,,,,,,,0,2
2439,72,172,413,596.88,2.0725,654,50,-290.15,-7.0,0.0,4,GROCERY,343.54,1,0,0.110091743119266,,,,,,,,0,1
2440,139,503,56961,2563.57,3.36868593955322,623,61,-313.16,-11.9,-0.4,6,GROCERY,1147.86,1,0,0.2231139646869984,,,,,,,,0,1
2441,99,316,738,1223.56,2.002553191489361,667,69,-372.01,-55.41,-16.84,1,GROCERY,803.5600000000001,3,4,0.1484257871064467,,,,,,,,0,2
2442,36,163,260,624.33,3.374756756756757,613,25,-197.51,0.0,0.0,1,GROCERY,313.55,0,0,0.0587275693311582,,,,,,,,0,1
2443,153,454,352598,4029.19,4.136745379876797,412,56,-788.91,-15.58,-0.4,6,GROCERY,1481.64,6,3,0.3713592233009709,,,,,,,,0,2
2444,6,19,22,69.94,3.497,679,3,-9.13,0.0,0.0,2,GROCERY,29.97,0,0,0.0088365243004418,,,,,,,,0,1
2445,217,1647,200970,6546.05,2.567078431372549,679,81,-2194.3,-40.69,-3.95,11,GROCERY,3943.08,9,0,0.3195876288659793,45-54,U,35-49K,Unknown,Unknown,1,None/Unknown,1,2
2446,190,838,812415,6455.78,4.326930294906166,634,84,-1004.42,-33.3,-6.15,8,GROCERY,2494.58,5,0,0.2996845425867508,35-44,U,125-149K,Homeowner,2 Adults No Kids,2,None/Unknown,1,2
2447,132,876,2287,7520.94,4.052230603448276,622,65,-977.07,-5.49,-0.2,5,DRUG GM,2938.0,3,0,0.2122186495176848,35-44,A,25-34K,Homeowner,2 Adults No Kids,2,None/Unknown,1,2
2448,205,1392,16812,9300.73,3.1808242134062925,696,95,-2320.14,-389.26,-66.67,5,GROCERY,6192.88,10,9,0.2945402298850574,45-54,A,50-74K,Homeowner,2 Adults No Kids,2,None/Unknown,1,2
2449,290,1534,22196,10866.87,2.9290754716981136,679,90,-1337.08,-63.74,-20.65,6,GROCERY,6470.77,0,0,0.4270986745213549,35-44,A,175-199K,Homeowner,2 Adults Kids,5+,3+,1,2
2450,84,705,277706,3060.77,3.045542288557214,602,48,-745.88,-83.26,-18.52,7,GROCERY,1228.43,1,0,0.1395348837209302,,,,,,,,0,2
2451,192,1240,82717,8335.74,3.067994111152006,681,86,-1862.1,-180.81,-64.98,11,GROCERY,3952.64,9,20,0.2819383259911894,,,,,,,,1,2
2452,146,653,5799,3060.36,2.6892442882249563,672,73,-440.43,0.0,0.0,10,GROCERY,1616.94,7,0,0.2172619047619047,,,,,,,,0,2
2453,110,932,1647,4551.68,3.3917138599105816,603,62,-653.5,-11.55,-2.35,7,GROCERY,2066.84,5,0,0.1824212271973466,45-54,B,50-74K,Homeowner,Single Female,1,None/Unknown,0,2
2454,30,114,212,392.87,2.486518987341772,619,25,-44.68,0.0,0.0,7,GROCERY,234.64,0,0,0.048465266558966,,,,,,,,0,1
2455,109,782,39223,5339.03,4.449191666666667,629,69,-772.88,-8.84,-2.25,8,GROCERY,2970.95,7,2,0.1732909379968203,45-54,B,25-34K,Homeowner,2 Adults No Kids,2,None/Unknown,1,2
2456,76,377,704,1271.24,2.161972789115646,624,50,-214.74,0.0,0.0,3,GROCERY,808.83,1,0,0.1217948717948717,,,,,,,,0,1
2457,77,480,14772,1540.47,2.11603021978022,614,53,-345.9,-27.45,-9.85,6,GROCERY,864.17,1,1,0.1254071661237785,,,,,,,,0,1
2458,56,255,446,1118.33,2.904753246753246,692,38,-135.89,0.0,0.0,6,GROCERY,675.8100000000001,0,0,0.0809248554913294,,,,,,,,0,1
2459,971,3159,488789,20671.5,3.110367138128197,669,94,-4081.3,-159.59,-13.1,16,GROCERY,11786.77,15,0,1.451420029895366,,,,,,,,1,2
2460,32,155,253,966.05,4.782425742574257,625,25,-99.44,0.0,0.0,2,GROCERY,457.99,0,0,0.0512,,,,,,,,0,1
2461,22,294,520,1051.1,2.5889162561576358,670,19,-160.2,0.0,0.0,2,GROCERY,625.91,0,0,0.0328358208955223,,,,,,,,0,1
2462,189,1318,68342,11593.06,3.9811332417582417,656,90,-2199.16,-148.44,-26.45,11,GROCERY,5936.67,9,9,0.2881097560975609,,,,,,,,1,2
2463,12,56,15096,158.42,2.597049180327869,398,10,-22.87,0.0,0.0,3,GROCERY,57.0,0,0,0.0301507537688442,,,,,,,,0,1
2464,51,316,17340,1121.48,2.959050131926121,581,36,-166.48,-3.5,0.0,7,GROCERY,601.11,0,0,0.0877796901893287,,,,,,,,0,1
2465,165,415,106097,2089.29,3.204432515337423,654,79,-475.32,-4.0,0.0,9,GROCERY,866.71,0,0,0.2522935779816513,65+,A,15-24K,Homeowner,Single Female,2,None/Unknown,0,2
2466,99,516,1111,2581.82,3.4016073781291176,597,54,-344.72,0.0,0.0,8,GROCERY,1247.93,4,0,0.1658291457286432,,,,,,,,0,1
2467,396,2002,48211,12850.56,2.8317672983693254,622,90,-4668.59,-436.91,-56.95,4,GROCERY,7590.76,12,5,0.6366559485530546,35-44,A,75-99K,Homeowner,2 Adults Kids,3,1,1,2
2468,90,644,1360,2506.89,2.429156976744186,587,50,-653.96,-10.45,-5.35,4,GROCERY,1729.02,2,0,0.1533219761499148,,,,,,,,0,1
2469,37,162,269,660.92,3.2083495145631065,670,30,-140.67,0.0,0.0,6,GROCERY,256.52,0,0,0.0552238805970149,,,,,,,,0,1
2470,91,215,65083,1042.06,2.910782122905028,611,56,-176.36,-45.99,-7.9,4,GROCERY,353.26,2,0,0.1489361702127659,,,,,,,,0,1
2471,52,339,5634,947.61,2.3631172069825435,701,31,-200.09,0.0,0.0,3,GROCERY,594.63,0,0,0.0741797432239657,,,,,,,,0,1
2472,42,302,520,1220.81,3.5385797101449272,606,33,-217.47,-1.0,0.0,6,GROCERY,495.76,1,0,0.0693069306930693,,,,,,,,0,1
2473,9,102,136,330.68,3.1796153846153845,599,6,-53.36,0.0,0.0,3,GROCERY,138.0,0,0,0.015025041736227,,,,,,,,0,1
2474,49,157,341,511.41,1.8264642857142857,572,44,-340.96,-19.0,-1.5,3,GROCERY,402.63,2,0,0.0856643356643356,,,,,,,,0,1
2475,124,823,17326,5079.02,3.1083353733170136,597,67,-771.18,-50.42,-6.0,6,GROCERY,3284.15,3,1,0.2077051926298157,,,,,,,,1,2
2476,14,47,77229,403.26,6.400952380952381,368,11,-42.59,0.0,0.0,4,KIOSK-GAS,185.46,0,0,0.0380434782608695,,,,,,,,0,1
2477,40,427,85873,1871.22,3.5642285714285715,671,30,-359.33,-11.2,-2.7,6,GROCERY,756.9,1,0,0.059612518628912,,,,,,,,0,1
2478,146,649,1851,3354.42,2.175369649805448,696,78,-612.36,-4.85,-0.9,9,GROCERY,2188.1,5,3,0.2097701149425287,,,,,,,,0,2
2479,136,1812,366135,14279.7,3.1198820187896,595,80,-1785.02,-80.58,-3.5,4,GROCERY,6776.84,11,0,0.2285714285714285,25-34,U,150-174K,Homeowner,2 Adults No Kids,2,None/Unknown,1,2
2480,29,392,15508,1716.05,3.058912655971479,623,23,-235.64,-7.0,0.0,5,GROCERY,915.19,0,0,0.0465489566613162,,,,,,,,0,1
2481,148,884,488227,5403.5,3.61438127090301,594,75,-1107.66,-45.23,-17.65,6,GROCERY,3019.53,4,3,0.2491582491582491,,,,,,,,1,2
2482,71,711,1526,2728.77,2.6622146341463413,672,41,-591.15,-6.84,-0.45,6,GROCERY,1923.22,3,0,0.1056547619047619,,,,,,,,0,2
2483,83,242,890,1770.91,2.7161196319018406,707,56,-266.22,-10.8,-0.7,4,GROCERY,1062.76,1,0,0.1173974540311174,45-54,B,75-99K,Homeowner,Single Male,1,None/Unknown,0,1
2484,157,1274,345374,7824.64,3.3961111111111117,625,69,-1285.29,-2.0,0.0,8,GROCERY,3542.65,5,0,0.2512,,,,,,,,1,2
2485,82,460,35368,1502.2,2.6125217391304347,643,51,-245.82,0.0,0.0,4,GROCERY,835.86,3,0,0.1275272161741835,,,,,,,,0,1
2486,83,1060,51632,3265.52,2.166901128069011,671,48,-836.92,-8.49,-0.3,4,GROCERY,2004.4,4,0,0.1236959761549925,35-44,B,25-34K,Unknown,Single Male,1,None/Unknown,0,2
2487,26,185,18385,601.25,2.6255458515283845,637,21,-139.79,-10.94,-3.05,6,GROCERY,321.39,0,0,0.0408163265306122,,,,,,,,0,1
2488,119,992,274313,6327.51,3.1621739130434783,642,75,-793.18,-46.75,-12.8,10,GROCERY,3124.15,9,11,0.1853582554517134,45-54,B,35-49K,Homeowner,Single Female,1,None/Unknown,1,2
2489,139,2081,216843,9403.42,2.8871415412956707,633,73,-1659.45,-392.59,-126.0,7,GROCERY,5352.4,16,27,0.2195892575039494,35-44,A,50-74K,Homeowner,2 Adults No Kids,2,None/Unknown,1,2
2490,33,252,404,699.16,2.4705300353356887,590,26,-142.76,-0.55,-0.45,7,GROCERY,325.8,0,0,0.0559322033898305,,,,,,,,0,1
2491,62,261,502,950.77,2.641027777777777,507,29,-171.1,-8.28,-0.5,4,GROCERY,720.46,0,0,0.1222879684418146,,,,,,,,0,1
2492,133,611,55204,2858.85,2.6324585635359115,691,62,-412.92,-4.1,-0.9,12,GROCERY,1587.15,1,0,0.1924746743849493,,,,,,,,0,2
2493,111,478,86014,2588.73,3.092867383512545,525,49,-421.75,0.0,0.0,5,GROCERY,1295.4,2,0,0.2114285714285714,,,,,,,,0,1
2494,35,484,57875,2120.93,3.437487844408428,588,26,-441.98,-19.39,-0.9,7,GROCERY,1112.47,2,5,0.0595238095238095,35-44,U,50-74K,Homeowner,2 Adults No Kids,2,None/Unknown,0,1
2495,20,60,90,209.0,3.1666666666666665,574,14,-33.58,0.0,0.0,3,GROCERY,125.11,0,0,0.0348432055749128,,,,,,,,0,1
2496,63,758,130304,4339.66,2.914479516453996,566,48,-1115.09,-51.6,-12.4,3,GROCERY,1858.18,5,11,0.1113074204946996,45-54,A,75-99K,Homeowner,Unknown,3,1,1,2
2497,221,991,61236,7111.9800000000005,3.624862385321101,622,86,-1341.03,-16.84,-0.75,12,GROCERY,4099.58,3,0,0.3553054662379421,45-54,U,35-49K,Unknown,Single Male,1,None/Unknown,1,2
2498,172,642,31339,2601.6,3.028637951105937,605,67,-279.4,0.0,0.0,7,GROCERY,1727.99,6,0,0.284297520661157,25-34,U,50-74K,Homeowner,2 Adults No Kids,2,None/Unknown,0,2
2499,90,709,143449,3394.07,2.910866209262436,639,54,-498.1,-3.55,-0.45,9,GROCERY,2018.81,2,0,0.1408450704225352,25-34,U,Under 15K,Unknown,2 Adults Kids,3,1,0,1
2500,113,1082,247365,5486.16,3.650139720558882,629,64,-958.41,-96.61,-14.8,9,GROCERY,2771.7,8,3,0.1796502384737678,,,,,,,,1,2
